step,action,psnr_value,mse_value,ssim_value,rank,action
1,201742,7.7838396427746765,0.16671965533794017,0.3366386294364929,1,[ 8  7 25 18]
2,192498,7.790464734765402,0.166464665733487,0.31258314847946167,2,[ 7 25 25 25]
3,453522,7.792378749560168,0.1663908941536739,0.30271464586257935,3,[18 17  7 20]
4,321996,7.794878558601522,0.16629492246013827,0.2851317226886749,4,[13  5 25  9]
5,293054,7.7970709523417225,0.1662105952590865,0.2705162763595581,5,[12  0 13  9]
6,351250,7.80234368308437,0.16600823599155554,0.26561447978019714,6,[14 11 19  2]
7,620168,7.80428337605389,0.16593448190718382,0.26151353120803833,7,[25 12 12  3]
8,51073,7.80511171815057,0.16590207014579939,0.25953829288482666,8,[ 2  2 21  4]
9,600867,7.806087593808577,0.16586412188404656,0.255066841840744,9,[24 18 13 16]
10,510650,7.808279125805845,0.16577978623279394,0.25352129340171814,10,[20 27  5 18]
11,78380,7.809588923923966,0.16572940693981425,0.24107451736927032,11,[ 3  6  5 22]
12,383327,7.811631203646309,0.16565091805042736,0.2390671968460083,12,[15 20 23  5]
13,64100,7.812735287259072,0.1656080761372391,0.2299828678369522,13,[ 2 18  6 10]
14,71775,7.815414602166152,0.16550607463172784,0.2212095558643341,14,[ 2 27 10  0]
15,678258,7.816310388677385,0.1654713147373301,0.21875257790088654,15,[27 23 14  6]
16,157473,7.820001144523375,0.16533061209677088,0.206592857837677,16,[ 6 13  7  3]
17,369676,7.820078922307663,0.1653293335925569,0.2065167874097824,17,[15  4 16 13]
18,275236,7.820543481949542,0.1653173279650083,0.20612044632434845,18,[11  8  7 26]
19,339234,7.821602087920071,0.1652762648289135,0.19807443022727966,19,[13 26 10 21]
20,640888,7.821738944031107,0.16527388056047201,0.1984318494796753,20,[26  8  1 17]
21,248369,7.835279622898668,0.16476174207319028,0.19782742857933044,21,[10  5  9 13]
22,615866,7.835317696250389,0.1647608868426851,0.19785107672214508,22,[25  7  8 22]
23,243060,7.838598640564034,0.16463439737129262,0.19242161512374878,23,[ 9 28  0 11]
24,37193,7.8539495078077515,0.16405036380894372,0.16979999840259552,24,[ 1 15  6 15]
25,703440,7.854726054876991,0.16403466344895823,0.16896489262580872,25,[28 24 12 16]
26,198039,7.860816153586877,0.16380518782281622,0.1480204463005066,26,[ 8  3 13 27]
27,96325,7.8614144162527175,0.16378247635339963,0.1439441442489624,27,[ 3 27 15 16]
28,93967,7.86202843737499,0.16376040954950005,0.14322173595428467,28,[ 3 24 21  7]
29,502025,7.862726960192784,0.16373477605557604,0.14359083771705627,29,[20 16 27  6]
30,144409,7.864130015794393,0.16367986965071957,0.14253346621990204,30,[ 5 26 20 18]
31,614074,7.864860567701336,0.16364938985374508,0.14166885614395142,31,[25  5  4 28]
32,153773,7.867327915415618,0.16355611067864484,0.13788285851478577,32,[ 6  8 24 15]
33,294783,7.876084098146709,0.1632339768539536,0.13231371343135834,33,[12  2 14 27]
34,566871,7.930461993008445,0.16119781853034926,0.14930938184261322,34,[23  7  1  8]
35,62801,7.931855027846911,0.1611482219357476,0.1491461843252182,35,[ 2 16 19 16]
36,599986,7.932084863750082,0.16114420949476876,0.14884452521800995,36,[24 17 12  5]
37,28004,7.93451312275018,0.16105894596054082,0.14894980192184448,37,[ 1  4  8 19]
38,666129,7.93594675596699,0.16101046408178826,0.14439170062541962,38,[27  9  1 28]
39,409907,7.941781793346179,0.16080634782196415,0.13967743515968323,39,[16 23 11 21]
40,536600,7.943781886023862,0.1607323776795318,0.14148107171058655,40,[22  0  1 13]
41,331418,7.945564062567227,0.16066516908002923,0.13785240054130554,41,[13 17  2  6]
42,164442,7.946082566378994,0.16064689648177544,0.13646380603313446,42,[ 6 21 15 12]
43,558197,7.956359179627874,0.16035977551981184,0.13595713675022125,43,[22 25 21  5]
44,281465,7.956376912582792,0.16035976308213723,0.13609714806079865,44,[11 15 19 20]
45,687233,7.956560827841315,0.16035699376260235,0.13672399520874023,45,[28  5  4 20]
46,223373,7.956543288094785,0.16028601588671185,0.13539472222328186,46,[ 9  4 17 15]
47,107192,7.957915819866051,0.16023576455693309,0.1324584037065506,47,[ 4 11 13  8]
48,419054,7.961030151255123,0.16015896487620096,0.13167014718055725,48,[17  5  8  4]
49,604550,7.961700730125053,0.1601337065613829,0.13094472885131836,49,[24 22 24 16]
50,679810,7.962214145653687,0.16012449574968682,0.1316535323858261,50,[27 25  9 21]
51,123,7.962189396829574,0.16012656184367519,0.13307204842567444,51,[0 0 4 7]
52,465352,7.966358324170823,0.15997197055688936,0.12262384593486786,52,[19  2  9 18]
53,618543,7.967113492269845,0.1599472139697928,0.12025309354066849,53,[25 10 14  2]
54,438063,7.967589039285354,0.15992708348523405,0.11987677216529846,54,[17 27 25 18]
55,327242,7.967746294215388,0.15992383094523555,0.12030164897441864,55,[13 12  3  6]
56,192622,7.9735756182291055,0.1597750023301433,0.1267041116952896,56,[ 7 26  1  4]
57,99909,7.974035290850133,0.1597649242265677,0.12596210837364197,57,[ 4  2 23  4]
58,442614,7.974074965869922,0.15976326133483357,0.12420603632926941,58,[18  4  8 16]
59,639896,7.97789880285784,0.15962456427780575,0.12309075891971588,59,[26  6 25 11]
60,47069,7.979008199455777,0.15959216203714108,0.12284094840288162,60,[ 1 26 28  2]
61,373626,7.985054439072227,0.15939852178969363,0.12053845822811127,61,[15  9  7 19]
62,604487,7.989915203802665,0.15923726625343018,0.122962586581707,62,[24 22 22 11]
63,245355,7.990828856915979,0.15919817174569753,0.12179115414619446,63,[10  1 21 15]
64,59935,7.9907534062338526,0.15919477296675283,0.12099947780370712,64,[ 2 13  7 21]
65,298632,7.993025151847897,0.15912317256427244,0.12200634181499481,65,[12  7  2 19]
66,7797,7.994448985263637,0.15907021040497774,0.12219320237636566,66,[ 0  9  7 25]
67,114875,7.997405220389485,0.15896584536376543,0.12389899045228958,67,[ 4 20 17  6]
68,402536,7.998934350631247,0.15892341157651865,0.12507912516593933,68,[16 14 18 16]
69,658128,8.007836733287961,0.15861470904602357,0.12392478436231613,69,[26 28 16  2]
70,309777,8.008740429279372,0.15857890329795551,0.12202735245227814,70,[12 20  9 28]
71,548608,8.010922057022787,0.15850643443823853,0.12274468690156937,71,[22 14  9 15]
72,312636,8.101766896799683,0.15520376638672875,0.1323879361152649,72,[12 23 21 16]
73,40286,8.102647419783587,0.1551727634791505,0.13242091238498688,73,[ 1 18 26  5]
74,468381,8.104493722929973,0.1551010991028575,0.13220509886741638,74,[19  5 27  2]
75,564489,8.104553872256105,0.15509893290127322,0.13228468596935272,75,[23  4  6  4]
76,456658,8.104348270285826,0.15510693048674756,0.1321393996477127,76,[18 20 28 24]
77,559129,8.104507188955651,0.15510178264188348,0.13197003304958344,77,[22 26 24  9]
78,451019,8.104458945389538,0.15510234133277734,0.13234098255634308,78,[18 14  8 11]
79,621519,8.110068690548648,0.15489954171867346,0.13042491674423218,79,[25 14  0 20]
80,469726,8.118210872070803,0.15463545407033963,0.1335403472185135,80,[19  7 15 13]
81,194883,8.118834320449537,0.15462539846870565,0.13378901779651642,81,[ 7 28 21  3]
82,514639,8.126674094236625,0.15437093560366494,0.12778569757938385,82,[21  2 27  5]
83,603538,8.12657318030719,0.15437411187119726,0.12808047235012054,83,[24 21 18 19]
84,40760,8.126874811009149,0.1543654240817492,0.12834981083869934,84,[ 1 19 13 15]
85,310321,8.139124573575318,0.1540672560493079,0.12753966450691223,85,[12 20 28 21]
86,9275,8.143202880272698,0.15393773301907226,0.12735024094581604,86,[ 0 11  0 24]
87,670643,8.41071282153625,0.14476663179700466,0.1407133787870407,87,[27 14 12 18]
88,190642,8.418787254290141,0.14448820951234975,0.14165657758712769,88,[ 7 23 19 25]
89,158297,8.41981596404487,0.1444500322103234,0.14199160039424896,89,[ 6 14  6 15]
90,111280,8.434307018416035,0.1440606956872137,0.14525637030601501,90,[ 4 16  9  7]
91,360793,8.440872181946034,0.14389419814020832,0.14056278765201569,91,[14 23  0  4]
92,207233,8.452849750774776,0.14355919467274,0.13818444311618805,92,[ 8 14 11 28]
93,690218,8.455836987809647,0.14346228685067058,0.1378595381975174,93,[28  8 20 18]
94,554811,8.463927256983627,0.143204823215624,0.1330002397298813,94,[22 21 20 12]
95,403149,8.46404081453309,0.14320010981667544,0.1330110877752304,95,[16 15 10 20]
96,281427,8.463877169961394,0.1432057907496377,0.13295720517635345,96,[11 15 18 11]
97,540327,8.471493147929678,0.14291452701399404,0.13628797233104706,97,[22  4 13 28]
98,61197,8.479736714429016,0.1426795686908703,0.13431107997894287,98,[ 2 14 22  7]
99,224170,8.48921887632352,0.14239874698836685,0.1353491097688675,99,[ 9  5 16  0]
100,191338,8.50211459595616,0.14201659622877935,0.13233229517936707,100,[ 7 24 14 25]
101,233076,8.50326948052929,0.14197712533968448,0.13436709344387054,101,[ 9 16  4  3]
102,128469,8.503386261936377,0.141975254549662,0.134650319814682,102,[ 5  7 21 28]
103,376812,8.506871335220316,0.1418748525733701,0.12176895141601562,103,[15 13  1 15]
104,517948,8.636786562729652,0.13788936434172464,0.12594570219516754,104,[21  6 25  8]
105,367658,8.636990771004815,0.13789121456713885,0.12584958970546722,105,[15  2  4 25]
106,354753,8.638345018452341,0.13779332155597848,0.12655596435070038,106,[14 15 23 25]
107,650513,8.638372858731918,0.13779205078498008,0.12652632594108582,107,[26 19 14 14]
108,676745,8.64177754399891,0.1376816437572673,0.12516891956329346,108,[27 21 20  1]
109,327056,8.641738846064804,0.1376825066046688,0.12474942207336426,109,[13 11 25 23]
110,483525,8.641232479809482,0.13769220962837309,0.12459880858659744,110,[19 23 27  8]
111,446625,8.641648128359856,0.1376779735414227,0.12459546327590942,111,[18  9  1 25]
112,278708,8.641479858843015,0.1376687548564114,0.1240842416882515,112,[11 12 11 18]
113,202909,8.641432483760827,0.13766996233883494,0.1239577978849411,113,[ 8  9  7 25]
114,70888,8.643090225696993,0.1376322726775883,0.12406878173351288,114,[ 2 26  8 12]
115,82102,8.643245140101165,0.13762026067174954,0.12427625060081482,115,[ 3 10 18  3]
116,581931,8.643391170430192,0.13761386168142598,0.12422878295183182,116,[23 24 27 17]
117,500911,8.644231233667456,0.13758980260453635,0.12328782677650452,117,[20 15 17 23]
118,505320,8.644342611966474,0.13758998412311313,0.123358815908432,118,[20 20 24 24]
119,415732,8.646299254674233,0.13756130649473663,0.12434680014848709,119,[17  1  9 17]
120,227698,8.649725913775159,0.13743902665646293,0.12400364130735397,120,[ 9  9 21 19]
121,250666,8.65005549361714,0.13743715482678262,0.12413199990987778,121,[10  8  1 19]
122,476578,8.650530074126777,0.13743729268484398,0.1237325668334961,122,[19 15 19 21]
123,91161,8.651436266425598,0.137419527245516,0.12383072823286057,123,[ 3 21 11 14]
124,334101,8.652410850775201,0.13740203748485455,0.12419389188289642,124,[13 20  7 21]
125,580842,8.657135630913338,0.13731091106785337,0.12448722124099731,125,[23 23 19  1]
126,508850,8.658584753082078,0.137278371450572,0.12526927888393402,126,[20 25  1 16]
127,623618,8.659238534507905,0.13725844018229258,0.12549340724945068,127,[25 16 15  2]
128,136907,8.658862361515274,0.13727265010238213,0.12557590007781982,128,[ 5 17 22 27]
129,693548,8.660733961516918,0.13719393530053994,0.1259506195783615,129,[28 12 19 13]
130,318298,8.659258665690547,0.13727689662498985,0.12631866335868835,130,[13  1 13 23]
131,483815,8.709947584813008,0.13617739504056767,0.14004653692245483,131,[19 24  8  8]
132,245566,8.718254450538668,0.1359537629480874,0.13971522450447083,132,[10  1 28 23]
133,180783,8.720108833140381,0.13582322221942122,0.13875356316566467,133,[ 7 11 27 26]
134,410227,8.723173913204414,0.13570694635270056,0.13802288472652435,134,[16 23 22 22]
135,44270,8.72349617802115,0.13570472081737633,0.13805325329303741,135,[ 1 23 18 16]
136,345390,8.722373749010334,0.13575592451035032,0.13835346698760986,136,[14  4 20  0]
137,141918,8.740703956633675,0.13526959772986274,0.14217741787433624,137,[ 5 23 21 21]
138,117722,8.739659529795187,0.13530786928735664,0.14158359169960022,138,[ 4 23 28 11]
139,591870,8.742476368004864,0.13514772194634825,0.1429087221622467,139,[24  7 22  9]
140,706396,8.74351249687805,0.1351230360163995,0.14290744066238403,140,[28 27 27 14]
141,271962,8.900897575406974,0.13037983172167594,0.1520218849182129,141,[11  4 11  0]
142,282633,8.901254554996484,0.1303804246892134,0.1518976390361786,142,[11 17  1 28]
143,506379,8.901631514097584,0.13036655319226048,0.151991069316864,143,[20 22  3 10]
144,615374,8.901827856166454,0.13036437070335094,0.15227621793746948,144,[25  6 20 23]
145,133049,8.90196461079597,0.1303562304708568,0.1529368907213211,145,[ 5 13  5 26]
146,200739,8.901262242549926,0.13036630602942983,0.15290944278240204,146,[ 8  6 20  1]
147,337485,8.904475020286853,0.1303185810540881,0.1534806340932846,147,[13 24  8 12]
148,415624,8.90492086163177,0.1303184518554685,0.15352006256580353,148,[17  1  5 25]
149,173826,8.903942661630541,0.13036466640834257,0.15323998034000397,149,[ 7  3 20  0]
150,604387,8.941049808318493,0.1292772923567416,0.147879496216774,150,[24 22 18 27]
151,554639,8.937417816781903,0.12941345931985415,0.1489744484424591,151,[22 21 14 14]
152,339525,8.930135610246502,0.1297290247579326,0.15021167695522308,152,[13 26 20 22]
153,248506,8.93782864318427,0.1294061679404665,0.1490408033132553,153,[10  5 14  5]
154,144094,8.945366661725185,0.12918631577084888,0.1491176038980484,154,[ 5 26  9 22]
155,464200,8.941187215693937,0.12938830685854566,0.14876769483089447,155,[19  0 27 26]
156,352484,8.94452648306171,0.1292279370096985,0.14837922155857086,156,[14 13  3 18]
157,671074,8.943982287928034,0.12926365093573952,0.14809894561767578,157,[27 14 27 14]
158,278319,8.95549975395442,0.1288751294662497,0.14722856879234314,158,[11 11 27  6]
159,31650,8.961791093245647,0.1287494555015774,0.1491561084985733,159,[ 1  8 18 11]
160,480792,8.963136604981454,0.12878924751029516,0.14825232326984406,160,[19 20 20  1]
161,53010,8.950484471484115,0.12916760668920124,0.15044450759887695,161,[ 2  5  0 27]
162,520134,9.000950867926441,0.12760320329442817,0.14476335048675537,162,[21  9 13 19]
163,290920,8.971249476287573,0.12880090039968953,0.1411917805671692,163,[11 26 26 21]
164,589946,8.98724865414473,0.1282520611190135,0.14506126940250397,164,[24  5 13 28]
165,558599,8.987394330683886,0.1280014461217157,0.13939328491687775,165,[22 26  6  1]
166,21706,8.972641957717519,0.12889030457898057,0.14599913358688354,166,[ 0 25 23 14]
167,195120,8.993912083368102,0.1279857143082984,0.1462436318397522,167,[8 0 0 8]
168,433768,8.97686515601163,0.1285168943543736,0.13983649015426636,168,[17 22 22 15]
169,618610,9.004922611232024,0.12774411790951018,0.14260102808475494,169,[25 10 16 11]
170,376392,9.007630510140435,0.1276208318856088,0.14365416765213013,170,[15 12 16  1]
171,532485,9.013980737502006,0.12749797412192712,0.14373275637626648,171,[21 24  4 16]
172,398671,8.999077494873923,0.12798735815897155,0.14117079973220825,172,[16 10  1  8]
173,179032,9.033611678318179,0.12705118093620535,0.14063727855682373,173,[ 7  9 25 15]
174,303904,9.015113210543447,0.1274440813021282,0.14469310641288757,174,[12 13 10 13]
175,68281,8.995732457223577,0.12893769690272924,0.14471951127052307,175,[ 2 23  5 15]
176,322288,8.990687490175024,0.1293209808310266,0.1417553871870041,176,[13  6  6 11]
177,275462,9.032184791774268,0.12741239163523807,0.1469615399837494,177,[11  8 15 20]
178,371152,9.047076413224136,0.1266324818243834,0.15042656660079956,178,[15  6  9 10]
179,553033,9.053293670184795,0.12646728566474125,0.1512206643819809,179,[22 19 17  3]
180,497621,9.046373760765098,0.12681139774524502,0.15025027096271515,180,[20 11 20 10]
181,46940,9.03782150260216,0.1278544244739464,0.1436232626438141,181,[ 1 26 23 18]
182,588322,9.054967386185936,0.1264483719076087,0.15258249640464783,182,[24  3 15 28]
183,86456,9.04834907849667,0.126616112494655,0.14897078275680542,183,[ 3 15 23  7]
184,82047,9.05346626953927,0.12674098657396018,0.14721614122390747,184,[ 3 10 16  6]
185,194951,9.03623660031833,0.12736629524717993,0.14530184864997864,185,[ 7 28 23 13]
186,694646,9.048445396817492,0.12672072794490882,0.14745615422725677,186,[28 13 28  9]
187,21658,9.229676644078058,0.12200118752194856,0.15438227355480194,187,[ 0 25 21 24]
188,511584,9.248067123448443,0.12134732320205854,0.15216848254203796,188,[20 28  8 24]
189,394449,9.241668877129904,0.12221435850274634,0.14908112585544586,189,[16  5  0 20]
190,228073,9.239878971592486,0.12216054173830171,0.15192776918411255,190,[ 9 10  5 17]
191,590446,9.202082672740623,0.12391548598644063,0.14493416249752045,191,[24  6  2  6]
192,567315,9.244940859648757,0.12198262558333628,0.1541590690612793,192,[23  7 16 17]
193,639093,9.241640264686868,0.12216056944945256,0.15107761323451996,193,[26  5 26 20]
194,244499,9.153323877135739,0.12575547113702995,0.14289966225624084,194,[10  0 21  0]
195,614151,9.517542886552341,0.11578132246106944,0.1590958684682846,195,[25  5  7 18]
196,239779,9.507285022683604,0.11546822302851713,0.15391604602336884,196,[ 9 24  3  7]
197,124556,9.225476098482204,0.13204644268600493,0.12268774211406708,197,[5 3 3 1]
198,114561,9.19478879762458,0.1359015667972745,0.11898709833621979,198,[ 4 20  6 11]
199,676771,9.576468964153053,0.11295815585772537,0.1694929152727127,199,[27 21 20 27]
200,234572,9.54182955180779,0.11444667422687332,0.16000090539455414,200,[ 9 17 26 20]
201,264257,9.577052004086376,0.11318684383677037,0.1659279465675354,201,[10 24  6  9]
202,451617,9.495488792949361,0.1171755654738284,0.15279851853847504,202,[18 15  0  0]
203,645998,9.536295500136934,0.11482688442417793,0.15895669162273407,203,[26 14  3 23]
204,634583,9.532666399193051,0.11492052611501138,0.14536085724830627,204,[26  0 16  5]
205,548486,9.464288181055757,0.11961952986228064,0.14623549580574036,205,[22 14  5  9]
206,60115,9.484669188272877,0.11797942548462428,0.14867852628231049,206,[ 2 13 13 27]
207,164556,9.203045607432173,0.13174932133977948,0.14044071733951569,207,[ 6 21 19 10]
208,458739,9.364742893804035,0.12651023756304638,0.14890620112419128,208,[18 23 13 17]
209,148532,9.381359820717757,0.12369728821501194,0.1341577172279358,209,[ 6  2 17 23]
210,184482,9.084048064907098,0.13724557590907152,0.12694747745990753,210,[ 7 16 10 13]
211,323782,9.257362903264658,0.13239216271263732,0.12751057744026184,211,[13  7 28 26]
212,382235,9.323602587539696,0.12496155650484168,0.12522822618484497,212,[15 19 14 15]
213,250426,9.27139282463523,0.13081934126120384,0.12866303324699402,213,[10  7 22 11]
214,204525,9.355631278239043,0.12873843219844947,0.13379010558128357,214,[ 8 11  5 17]
215,549928,9.200553555461145,0.12838933591098128,0.13121604919433594,215,[22 15 26  1]
216,527914,9.06775215567789,0.14522031141200342,0.1304367035627365,216,[21 18 20 27]
217,414131,9.18981717423264,0.13225863181065,0.11896176636219025,217,[16 28 12 11]
218,641653,9.363949635185303,0.12474802771679303,0.12671270966529846,218,[26  8 27 28]
219,38230,9.402439467022951,0.13013640453708095,0.13400216400623322,219,[ 1 16 13  8]
220,701009,9.120617228854293,0.13561582836271746,0.1294066607952118,220,[28 21 15 21]
221,67193,9.551723913044055,0.1156553047827881,0.15789780020713806,221,[ 2 21 26  0]
222,177291,9.471176923796236,0.12452399657506157,0.1479138731956482,222,[ 7  7 23 14]
223,205351,9.583902908317718,0.11829646688781839,0.1643442064523697,223,[ 8 12  5  2]
224,251588,9.483321158502463,0.12459516457104079,0.14401689171791077,224,[10  9  4 13]
225,434361,9.611624804756506,0.11454152677401519,0.14381758868694305,225,[17 23 13 28]
226,212119,9.531185878708468,0.11733528616345154,0.1563517153263092,226,[ 8 20  6 13]
227,162943,9.577267543868418,0.11434811132919337,0.15957653522491455,227,[ 6 19 21 21]
228,12233,9.4668861833406,0.12072800172522738,0.15278249979019165,228,[ 0 14 15 24]
229,204428,9.544216367005038,0.1175477486476058,0.15956081449985504,229,[ 8 11  2  7]
230,139464,9.450414133902338,0.12096102887213613,0.13797086477279663,230,[ 5 20 24  3]
231,322434,9.509837051635477,0.11753329497945128,0.15285173058509827,231,[13  6 11 12]
232,507853,9.536022941959175,0.11601041378274336,0.1612333357334137,232,[20 23 25  5]
233,356573,9.49131012263518,0.11868685105313632,0.15599031746387482,233,[14 17 28 18]
234,98099,9.504867678653735,0.11702356489539703,0.15074294805526733,234,[ 4  0 18 21]
235,402589,9.37394878199907,0.12723256222790472,0.14421701431274414,235,[16 14 20 11]
236,114228,9.465744959263287,0.12290970614171583,0.14363810420036316,236,[ 4 19 23 26]
237,201536,9.482968710918337,0.12065293823532912,0.1453024446964264,237,[ 8  7 18 15]
238,146231,9.481847947913355,0.11809166359860405,0.13976208865642548,238,[ 5 28 25 13]
239,147552,9.371629561067333,0.12369421738343177,0.13741765916347504,239,[ 6  1 13  0]
240,276644,9.229363505735833,0.13426615774956877,0.12210606783628464,240,[11  9 27 13]
241,604865,9.502959981222892,0.12147750522659824,0.15784600377082825,241,[24 23  6 12]
242,161773,9.343248102659935,0.1360420514706496,0.15160168707370758,242,[ 6 18 10 11]
243,43240,9.400326677777713,0.12346170658984765,0.14605993032455444,243,[ 1 22 12  1]
244,378756,9.512578890102644,0.11730532185938485,0.14937148988246918,244,[15 15 10 16]
245,250934,9.506952144098996,0.1176993767583724,0.14620932936668396,245,[10  8 10 26]
246,606817,9.482369191976229,0.12016740450473792,0.15272200107574463,246,[24 25 15 21]
247,160738,9.352314199813149,0.12486644745152307,0.13114137947559357,247,[ 6 17  3 20]
248,279642,9.49054860799406,0.12662288427114501,0.15030111372470856,248,[11 13 14 24]
249,254928,9.373055554107518,0.12702284543075423,0.1333431750535965,249,[10 13  3 18]
250,648901,9.558932052731663,0.11622601409859858,0.15268856287002563,250,[26 17 16 26]
251,633389,9.440881943427089,0.1213710852359975,0.14478494226932526,251,[25 28  4  0]
252,534554,9.29590295589373,0.12928518069581088,0.12716378271579742,252,[21 26 17 26]
253,141636,9.10908950547874,0.14092944146260267,0.13402129709720612,253,[ 5 23 12  0]
254,50516,9.338216613499382,0.13140662245250673,0.14631545543670654,254,[ 2  2  1 27]
255,608544,9.280625593661373,0.13310288933405187,0.14269043505191803,255,[24 27 17  8]
256,144940,9.075984514840183,0.15412298514544628,0.14915932714939117,256,[ 5 27  9 27]
257,5920,9.603437569832302,0.1182361938096525,0.15998271107673645,257,[0 7 1 4]
258,460218,9.54539387373519,0.12301003934320882,0.14394281804561615,258,[18 25  6 17]
259,31949,9.548273525752213,0.12132017408193665,0.17331084609031677,259,[ 1  8 28 20]
260,274332,8.455937039211047,0.20612014313384086,0.0995643362402916,260,[11  7  5 21]
261,93325,9.109545667207163,0.14184260689023595,0.1308431476354599,261,[ 3 23 28  3]
262,452851,8.530090218155959,0.1729519785499871,0.0953560471534729,262,[18 16 13 16]
263,581335,8.579105502332862,0.1887752438868884,0.10842981189489365,263,[23 24  7  1]
264,500240,8.725861324368756,0.17566997392130598,0.13547763228416443,264,[20 14 23 19]
265,397509,8.879785109042917,0.163640314393374,0.12486841529607773,265,[16  8 19  6]
266,13720,8.884518552465613,0.16816008403797966,0.1493433713912964,266,[ 0 16  9  3]
267,214709,9.07505512437156,0.1442404193394092,0.1415049135684967,267,[ 8 23  8 22]
268,419624,9.08216602617862,0.14140169390868473,0.13205993175506592,268,[17  5 27 23]
269,675637,8.962563981951615,0.15412211349489074,0.14120878279209137,269,[27 20 10 24]
270,43229,8.97348895202745,0.1703854022816211,0.12735600769519806,270,[ 1 22 11 19]
271,187466,9.470278544105572,0.12356731627126928,0.15739895403385162,271,[ 7 19 26 10]
272,704164,9.203502401367613,0.13582869155029284,0.14611348509788513,272,[28 25  8 15]
273,468849,9.40813401328445,0.12738833257451584,0.13388244807720184,273,[19  6 14  6]
274,472080,9.055590529995563,0.1379980214268825,0.12949447333812714,274,[19 10  9 18]
275,535718,9.279826495450875,0.13544460493113833,0.1294800043106079,275,[21 28  0  1]
276,44524,8.80170783596765,0.17278590053439236,0.10436070710420609,276,[ 1 23 27  9]
277,400127,8.930434345152788,0.15509851081837234,0.12928633391857147,277,[16 11 22 14]
278,661558,9.04394039715619,0.14618044847913478,0.13142326474189758,278,[27  3 18 10]
279,141077,9.299390564727492,0.1313460518160772,0.12932726740837097,279,[ 5 22 21 21]
280,531417,8.607421192392646,0.18248710163947426,0.09338942915201187,280,[21 22 25 21]
281,270217,8.997500542528048,0.16553180242635562,0.16580800712108612,281,[11  2  8 24]
282,12959,8.940525228878162,0.1447339509136984,0.1403123140335083,282,[ 0 15 11 25]
283,337946,8.912579635411227,0.16076417989388303,0.13250435888767242,283,[13 24 24  9]
284,285772,9.271987784110467,0.14167530821363664,0.14575910568237305,284,[11 20 23  6]
285,15838,9.086306823928306,0.1445491093843186,0.12119635939598083,285,[ 0 18 24  4]
286,109638,8.855457869921835,0.16556580202324814,0.11271227151155472,286,[ 4 14 10 18]
287,150131,8.626498921208272,0.1684822211656003,0.09654419869184494,287,[ 6  4 14 27]
288,181939,8.817385245384893,0.16042809430863442,0.1107150986790657,288,[ 7 13  9 22]
289,135696,8.807960552996182,0.17751255388419046,0.1333891600370407,289,[ 5 16 10  5]
290,8485,8.610623730553382,0.18923963710563613,0.11556389927864075,290,[ 0 10  2 17]
291,347371,8.823930541856544,0.17490421689612462,0.14150381088256836,291,[14  7  1  9]
292,609377,8.793320058534595,0.17126772495746467,0.13841183483600616,292,[24 28 17  0]
293,501496,9.258442109796475,0.14871827041011676,0.1501707136631012,293,[20 16  8 28]
294,203538,8.600771537431324,0.17963936398780417,0.12274777144193649,294,[ 8 10  0 16]
295,129451,9.33524998275565,0.13763919003651584,0.1341315358877182,295,[ 5  8 26 24]
296,567831,8.677170308890325,0.1904689701156413,0.13958054780960083,296,[23  8  5 11]
297,418262,9.077965866857973,0.1594790946210475,0.13766641914844513,297,[17  4  9 24]
298,189654,8.4866101761223,0.2252705330189709,0.10388440638780594,298,[ 7 22 14 23]
299,551817,8.775586779497074,0.16926074464872035,0.12164495140314102,299,[22 18  4  5]
300,444559,8.84204128424772,0.17574459529782344,0.1275685876607895,300,[18  6 17 18]
301,82196,8.67091639289163,0.19418016619883813,0.13661378622055054,301,[ 3 10 21 10]
302,477250,8.707743458657134,0.1759331321393589,0.11257599294185638,302,[19 16 13 26]
303,544160,8.65444278006618,0.18143268675004748,0.13172447681427002,303,[22  9  1  4]
304,342363,8.844520785773591,0.16637826697945224,0.12606976926326752,304,[14  1  2 18]
305,379787,7.769830446131846,0.2553040949864669,0.10466442257165909,305,[15 16 17  3]
306,118243,8.395125489965624,0.22535201568406218,0.12580515444278717,306,[ 4 24 17 10]
307,188958,8.06133033672652,0.23141283838395027,0.11508923768997192,307,[ 7 21 19 23]
308,201811,8.394892154443562,0.23196382520929823,0.12116649001836777,308,[ 8  7 28  0]
309,549859,8.226324966851337,0.24562625700768426,0.09747878462076187,309,[22 15 23 19]
310,423874,7.747475897423883,0.3358550190748223,0.12241815030574799,310,[17 11  0 10]
311,623516,8.78123792997263,0.16885580194486435,0.0993567407131195,311,[25 16 11 16]
312,190827,8.819110498983434,0.18499064426050849,0.12985290586948395,312,[ 7 23 26  7]
313,195536,8.90032637281399,0.17313954144952787,0.13042758405208588,313,[ 8  0 14 18]
314,165209,8.54302042430404,0.21243203542301928,0.15467584133148193,314,[ 6 22 12 25]
315,385709,8.729552956511586,0.18725006112428477,0.1460006982088089,315,[15 23 18  9]
316,296744,8.325426069192245,0.22845158051136824,0.10507173836231232,316,[12  4 24 16]
317,570510,8.335727623318068,0.22284603791418534,0.11355073004961014,317,[23 11 10 22]
318,476221,8.443043282703552,0.22485168402988373,0.1270449012517929,318,[19 15  7 12]
319,59447,8.306245966446275,0.2368151588162933,0.1258002519607544,319,[ 2 12 19 26]
320,234903,8.525015833010475,0.20790196466365765,0.09301844239234924,320,[ 9 18  9  3]
321,315138,8.50041139328131,0.21790350378932147,0.14572319388389587,321,[12 26 20 24]
322,36197,8.579751983709567,0.19263769008866408,0.11138025671243668,322,[ 1 14  1  5]
323,33900,8.579933130023583,0.20614570126470483,0.1539718061685562,323,[ 1 11  8 28]
324,644598,8.594215090046283,0.26392313820056634,0.1412075012922287,324,[26 12 13 15]
325,44985,8.944727368888561,0.1887729003725595,0.11259275674819946,325,[ 1 24 14  6]
326,221739,8.237171075160362,0.2628673485288886,0.12202607095241547,326,[ 9  2 19  5]
327,557262,7.959930501987119,0.2677378126276179,0.09450434148311615,327,[22 24 17 27]
328,120084,8.665365362172334,0.19734513923551275,0.12558135390281677,328,[ 4 26 22 24]
329,401478,8.09168827489173,0.2699707502492372,0.09055671095848083,329,[16 13 11  2]
330,119256,8.855953153147293,0.17658193144249432,0.15312662720680237,330,[ 4 25 23  8]
331,96108,8.757205824370072,0.19261512771210257,0.1532815396785736,331,[ 3 27  8  2]
332,628905,7.61747687300029,0.3782153418480013,0.12055721133947372,332,[25 22 23 11]
333,72685,8.1003589322083,0.283345340303443,0.11164173483848572,333,[ 2 28 12 11]
334,441318,8.452145037340086,0.22618559162897775,0.10956395417451859,334,[18  2 21 25]
335,356811,8.175189267520103,0.33845624773541627,0.10828971862792969,335,[14 18  7 24]
336,327591,8.612851641153764,0.19295375966343806,0.12965542078018188,336,[13 12 15  7]
337,181477,8.871727837461172,0.18234490974958958,0.16416595876216888,337,[ 7 12 22 24]
338,174538,8.245881354578351,0.2655384928532074,0.10082156211137772,338,[ 7  4 15 16]
339,263633,8.824451550318457,0.19717673548925768,0.12106365710496902,339,[10 23 13 23]
340,467891,8.56309942374106,0.20382439221845552,0.12433415651321411,340,[19  5 10  5]
341,683507,8.199160121726292,0.2806468692888902,0.12607158720493317,341,[28  0 21  6]
342,160595,8.781823359948321,0.20096996053307886,0.15256434679031372,342,[ 6 16 27 22]
343,89918,8.48215925628008,0.24030597948439758,0.11063367873430252,343,[ 3 19 26 18]
344,672180,7.954419182120115,0.3361772340953045,0.09026215225458145,344,[27 16  7 18]
345,563754,8.298621103566683,0.2577578977006773,0.12852883338928223,345,[23  3  9 23]
346,452934,8.807785263680914,0.24483399724048155,0.16295954585075378,346,[18 16 16 12]
347,117130,8.446361660587717,0.22178835065996533,0.1335783302783966,347,[ 4 23  7 28]
348,567431,8.345432382274678,0.25237284702385426,0.13015717267990112,348,[23  7 20 17]
349,326957,8.152350339401348,0.3157451785208105,0.13248448073863983,349,[13 11 22 11]
350,604452,8.895797562484368,0.19659810723535845,0.15241652727127075,350,[24 22 21  5]
351,631807,8.897491499168396,0.1869613250722174,0.14096596837043762,351,[25 26  7 13]
352,511805,8.222869582355596,0.28977894648384356,0.12465440481901169,352,[20 28 16 13]
353,597720,8.252480999849018,0.2576453493325145,0.13809119164943695,353,[24 14 21  1]
354,513383,8.506366560065983,0.2263391147665644,0.11774466186761856,354,[21  1 12 25]
355,596837,7.830016888674147,0.3658401819586866,0.11671781539916992,355,[24 13 19 17]
356,630614,7.917146237566922,0.3228152847611897,0.1265696883201599,356,[25 24 24  9]
357,676151,7.72313141827771,0.3272700022317541,0.09800203889608383,357,[27 20 28 16]
358,3696,8.065949453876954,0.3147267879725448,0.08462392538785934,358,[ 0  4 11 13]
359,341305,8.344326972388837,0.22855732791825756,0.13072986900806427,359,[13 28 24  4]
360,193608,8.706131288021059,0.21286647983844476,0.14415861666202545,360,[ 7 27  6  4]
361,2433,9.15365443904011,0.17739058946434427,0.1485069841146469,361,[ 0  2 25 26]
362,340486,8.413562137601721,0.26429152084844504,0.13888753950595856,362,[13 27 24 26]
363,586433,8.108909430427348,0.32696725299852253,0.13817988336086273,363,[24  1  8 24]
364,366047,8.23640368451076,0.23392774191495877,0.11441270262002945,364,[15  0  7  9]
365,632399,8.380163637886184,0.25457547064873975,0.13386160135269165,365,[25 26 27 25]
366,510104,8.56437790502246,0.21156544154652862,0.13552998006343842,366,[20 26 15 23]
367,383107,8.692340030518814,0.22590196817626262,0.14588047564029694,367,[15 20 15 17]
368,35134,8.402306656640192,0.23021908633620175,0.14353801310062408,368,[ 1 12 22 15]
369,35446,8.558611982736867,0.2152077090989988,0.15473078191280365,369,[ 1 13  4  8]
370,289982,8.615657968274718,0.26129175703526086,0.167049378156662,370,[11 25 23 11]
371,197393,8.969962764295813,0.18329090634394546,0.17010673880577087,371,[ 8  2 20 19]
372,607218,8.621024952187451,0.2071537079841389,0.1372283697128296,372,[24 26  0 16]
373,638568,8.227818860632334,0.2823122136861873,0.1780635267496109,373,[26  5  8 17]
374,255499,8.33155792385255,0.24785368265701366,0.1328422874212265,374,[10 13 23  9]
375,626439,7.710062634330726,0.4436129641835232,0.13477347791194916,375,[25 19 25 10]
376,264477,8.2181215554326,0.317371145948973,0.13361704349517822,376,[10 24 13 26]
377,308540,8.069499719454123,0.3169951900750393,0.14466162025928497,377,[12 18 25  9]
378,576386,8.370588907751365,0.2646385044645662,0.15831252932548523,378,[23 18 10 11]
379,644462,8.250308152260274,0.338434210067736,0.14184647798538208,379,[26 12  8 24]
380,82993,8.52435267896028,0.262772438584937,0.16181761026382446,380,[ 3 11 19 24]
381,81184,8.212149911763268,0.305464830727694,0.12627144157886505,381,[ 3  9 15 13]
382,400825,8.649969042146314,0.25512602477378593,0.1770109236240387,382,[16 12 17 16]
383,398696,8.306800299486131,0.26763130579512484,0.15128691494464874,383,[16 10  2  4]
384,15681,8.400447468306224,0.273200530477919,0.13815376162528992,384,[ 0 18 18 21]
385,13062,8.425766577732322,0.30395858934326514,0.17500752210617065,385,[ 0 15 15 12]
386,615671,8.196528401600002,0.3086881160322339,0.16719824075698853,386,[25  7  2  1]
387,240033,7.7859087626446595,0.35841155237957545,0.12349597364664078,387,[ 9 24 12  0]
388,104712,8.31457296216964,0.31517962675684336,0.14063003659248352,388,[ 4  8 14 22]
389,195937,7.970329049118723,0.3748799636310818,0.14753009378910065,389,[ 8  0 28 13]
390,212592,8.082502064185746,0.30862210642258825,0.14100444316864014,390,[ 8 20 22 22]
391,151770,8.312741385897262,0.39676909722942144,0.16456283628940582,391,[ 6  6 13 13]
392,357468,8.22853041274717,0.4154293396072871,0.15290436148643494,392,[14 19  1 14]
393,536628,8.940435927023042,0.23470986394294385,0.17610867321491241,393,[22  0  2 12]
394,186925,7.684470439251885,0.4788911498612789,0.13362173736095428,394,[ 7 19  7 20]
395,366165,8.323137741958732,0.3444858837361106,0.17307117581367493,395,[15  0 11 11]
396,462782,7.908056810107958,0.39490814354130976,0.13541272282600403,396,[18 28  8  0]
397,649107,8.358016963493158,0.35080876541434525,0.17094916105270386,397,[26 17 24  0]
398,94125,8.008114801204961,0.36116523002187717,0.12567047774791718,398,[ 3 24 26 20]
399,236751,8.336219120510773,0.29007261940196044,0.12260684370994568,399,[ 9 20 14 24]
400,513484,8.161368410824364,0.3560101645798406,0.15844646096229553,400,[21  1 16 10]
401,179974,8.246408811688648,0.35892074090138193,0.16561810672283173,401,[ 7 11  0  0]
402,392514,8.215885652492375,0.35558640324806445,0.14160612225532532,402,[16  2 20 28]
403,181870,8.890568889373782,0.2671077195938044,0.2015901505947113,403,[ 7 13  7 11]
404,420922,8.034779247124595,0.4208664788492613,0.11203442513942719,404,[17  7 14 16]
405,43848,8.665693343759575,0.23692689596597463,0.19959239661693573,405,[ 1 23  4  0]
406,269509,8.410042164392834,0.30494649389277656,0.16648562252521515,406,[11  1 13 12]
407,652997,8.225581623215863,0.34453641449790423,0.16273370385169983,407,[26 22 13  4]
408,203892,8.180416731568926,0.37021323893658586,0.16463153064250946,408,[ 8 10 12 22]
409,497068,8.180347052696304,0.3031719381560693,0.17283110320568085,409,[20 11  1  8]
410,88334,8.598939936371535,0.26906208414482324,0.1890835464000702,410,[ 3 18  1  0]
411,487997,7.598565788985701,0.5294831620793432,0.14452579617500305,411,[20  0  7 14]
412,68801,8.708660541941484,0.31623061844473777,0.17764021456241608,412,[ 2 23 23 13]
413,427870,8.28739647106936,0.3841292921772405,0.1807221919298172,413,[17 15 22  4]
414,280836,8.48684087744241,0.30526640915333875,0.18694178760051727,414,[11 14 27  0]
415,272775,8.914769804916352,0.23252370501360678,0.1998753547668457,415,[11  5 10  1]
416,605181,8.806885394007235,0.29689181565333567,0.19000382721424103,416,[24 23 17  9]
417,506840,8.573025792075143,0.2661225071839811,0.16477437317371368,417,[20 22 19  7]
418,544005,8.659860347958986,0.2713096243468328,0.2099783569574356,418,[22  8 24 23]
419,26767,8.819729145809255,0.29016834174665473,0.19186687469482422,419,[ 1  2 24  0]
420,185783,8.856339661412086,0.2820163305536236,0.20894001424312592,420,[ 7 17 26  9]
421,442617,7.746325608824449,0.5774009217925825,0.13557559251785278,421,[18  4  8 19]
422,297591,8.167128714713874,0.40903165387582985,0.18369512259960175,422,[12  5 24 22]
423,598421,8.493682747770217,0.2941200980846898,0.18565556406974792,423,[24 15 16  6]
424,625776,8.62411484163702,0.26970942321025393,0.18365991115570068,424,[25 19  2 14]
425,103889,8.250866474098375,0.4212846930421357,0.18302825093269348,425,[ 4  7 15 11]
426,15981,8.449312661027161,0.33750511870495076,0.17959004640579224,426,[ 0 19  0  2]
427,441887,8.17067376943929,0.28396093124659955,0.13861452043056488,427,[18  3 12 14]
428,609676,7.997128864730304,0.3753190703017917,0.17141030728816986,428,[24 28 27  9]
429,71453,8.549997014892659,0.31494962106733404,0.1926017850637436,429,[ 2 26 27 26]
430,379709,8.535974870618135,0.32417950808842005,0.17239923775196075,430,[15 16 14 12]
431,658848,8.4215208033457,0.5199788058793887,0.19447444379329681,431,[27  0 11 26]
432,310482,8.28439396634498,0.3799842852137036,0.17972171306610107,432,[12 21  5  8]
433,404907,7.976097827830989,0.3580671836028167,0.1706501692533493,433,[16 17 13  9]
434,196992,8.654843406775012,0.2928361519646411,0.19095125794410706,434,[ 8  2  6 24]
435,533099,9.166932751319827,0.19659562011859094,0.21870115399360657,435,[21 24 25 21]
436,668467,9.165208872317706,0.23992231498332833,0.2014644593000412,436,[27 11 24 17]
437,457740,9.793579031925981,0.17071252632064454,0.24637089669704437,437,[18 22  8  4]
438,88418,8.830898889395948,0.252443292194631,0.2242523431777954,438,[ 3 18  3 26]
439,392380,9.012894846893303,0.21152307571948856,0.19658003747463226,439,[16  2 16 10]
440,311003,9.338185720215526,0.2124134581923993,0.21890026330947876,440,[12 21 23  7]
441,612105,9.124311235271005,0.20822900610586845,0.20677568018436432,441,[25  2 24  2]
442,137402,9.165636742091293,0.2523852338823772,0.19890765845775604,442,[ 5 18 11  0]
443,358563,8.1338604514663,0.5162811172140025,0.20477908849716187,443,[14 20 10  7]
444,357454,8.869932530327665,0.30576668471284835,0.20794789493083954,444,[14 19  1  0]
445,453393,8.61492323581771,0.3679691991872082,0.18885569274425507,445,[18 17  3  7]
446,443736,9.60871711333845,0.18274442472403418,0.24464772641658783,446,[18  5 18  7]
447,438892,9.332879272830027,0.24707612261122505,0.2453748881816864,447,[17 28 25  6]
448,448357,9.048632604342014,0.23033640744774214,0.18624070286750793,448,[18 11  3 17]
449,625716,8.996242412402877,0.3251488823540435,0.22165293991565704,449,[25 19  0 12]
450,652568,8.95758703983109,0.2855155523126468,0.21481846272945404,450,[26 21 27 10]
451,585329,9.000837169876526,0.29659819985183844,0.20633573830127716,451,[23 28 28 22]
452,333828,8.871315943703294,0.3250336615422911,0.20856119692325592,452,[13 19 27  9]
453,271724,9.172818317908595,0.2537749337429334,0.22444461286067963,453,[11  4  2 23]
454,499760,8.974648133360116,0.389997341691165,0.22510865330696106,454,[20 14  7  3]
455,645396,9.248005141756238,0.28072180507338196,0.22480925917625427,455,[26 13 12  1]
456,26926,8.890835044534846,0.2954560773562416,0.17453159391880035,456,[ 1  3  0 14]
457,577477,8.385830293143337,0.34519678802573867,0.16672228276729584,457,[23 19 19  0]
458,216966,7.983334153955618,0.5370130997480673,0.16692626476287842,458,[ 8 25 28 17]
459,255363,8.10165313190182,0.5513183094204422,0.17861343920230865,459,[10 13 18 18]
460,413948,7.771739798429507,0.5335060473479185,0.16323210299015045,460,[16 28  6  2]
461,294858,8.669619368488458,0.36148180422112275,0.15640799701213837,461,[12  2 17 15]
462,67576,8.812938587843771,0.45624642321038283,0.20191766321659088,462,[ 2 22 10  6]
463,441097,8.525300316171734,0.5683867705639574,0.194722980260849,463,[18  2 14  7]
464,547897,8.476210094425678,0.46611705600298164,0.2020397037267685,464,[22 13 14  0]
465,66497,8.28939367949313,0.5205683541069962,0.18848413228988647,465,[ 2 21  2  0]
466,680573,8.272671762989358,0.4379329756351014,0.19167280197143555,466,[27 26  7  1]
467,140894,8.633183020416649,0.3584614810556813,0.18302489817142487,467,[ 5 22 15 12]
468,288458,8.224956636112871,0.5899507156461221,0.19697178900241852,468,[11 23 28 24]
469,660868,9.136463890456914,0.29555295586214664,0.22559653222560883,469,[27  2 23 16]
470,172801,9.293580187500238,0.27766129323526423,0.24648144841194153,470,[ 7  2 13 19]
471,159334,9.218840004789843,0.2753171475515963,0.24010176956653595,471,[ 6 15 13  8]
472,697505,9.062253297734932,0.4052018923111189,0.19961939752101898,472,[28 17 10 26]
473,467013,8.856142434845136,0.39172864636854,0.24645395576953888,473,[19  4  8 26]
474,199570,8.992439971450379,0.2830102480759182,0.20848050713539124,474,[ 8  5  8 21]
475,557104,8.573883284111544,0.5466873610957761,0.21297882497310638,475,[22 24 12 14]
476,290575,8.820203163235194,0.46585049036687043,0.22685644030570984,476,[11 26 14 24]
477,349891,8.819734675250556,0.3900187112385134,0.18299056589603424,477,[14 10  1  6]
478,78634,8.999205830158328,0.3274360169580871,0.21068795025348663,478,[ 3  6 14 15]
479,440026,8.961303661149545,0.43835482382206997,0.22759626805782318,479,[18  1  6  9]
480,376453,8.648390457131391,0.31426045522764057,0.17729133367538452,480,[15 12 18  4]
481,16192,9.313987593214875,0.31219308897172104,0.22891011834144592,481,[ 0 19  7 10]
482,382726,8.32098593541387,0.40163720437546,0.17403669655323029,482,[15 20  2 13]
483,103691,8.67331882660742,0.32017593743376616,0.1735532432794571,483,[ 4  7  8 16]
484,25737,9.70174454632602,0.1958272568332367,0.2537699043750763,484,[ 1  1 17 14]
485,302758,9.229487897452856,0.249822356726296,0.21505849063396454,485,[12 11 28 27]
486,672189,8.810737776636149,0.3599688924202198,0.21205149590969086,486,[27 16  7 27]
487,534549,8.74874933398881,0.4332382163030475,0.22769728302955627,487,[21 26 17 21]
488,459468,9.168360359991407,0.27315395533285414,0.213418647646904,488,[18 24  9 21]
489,411287,8.649419126934625,0.3102488715370548,0.2147909700870514,489,[16 25  1  9]
490,168229,9.239095982537815,0.2878592859046127,0.23542821407318115,490,[ 6 26  1  0]
491,302530,9.274946275910626,0.25252224193239714,0.23463334143161774,491,[12 11 21  2]
492,164920,8.653682843578144,0.3519175054593877,0.2168605625629425,492,[ 6 22  2 26]
493,399095,9.14628651421646,0.3807644770671332,0.22444716095924377,493,[16 10 15 26]
494,419235,9.39300397461064,0.26957993715208967,0.2184656858444214,494,[17  5 14 11]
495,489868,8.709102155750095,0.5503790791814404,0.20154251158237457,495,[20  2 14  0]
496,357658,9.823219587791106,0.23187714332719955,0.2442959100008011,496,[14 19  8  1]
497,249555,9.267893942252307,0.3205643034218847,0.24372275173664093,497,[10  6 21 10]
498,434520,9.336420658526421,0.41137419730927255,0.24072828888893127,498,[17 23 19 13]
499,319297,8.94045617198405,0.29061456779000994,0.21903298795223236,499,[13  2 19  7]
500,290360,9.397276195238106,0.31623714723108903,0.26026690006256104,500,[11 26  7 12]
501,302075,9.028996087786933,0.3601784183934096,0.19577935338020325,501,[12 11  5 11]
502,599290,9.276924892699839,0.281898420527188,0.22227069735527039,502,[24 16 17  5]
503,199751,8.495326346442937,0.4661853435678394,0.19053442776203156,503,[ 8  5 14 28]
504,182514,9.454906022714319,0.2691989082531312,0.22154776751995087,504,[ 7 14  0 17]
505,371101,9.298229258258694,0.24242846819722574,0.2316339612007141,505,[15  6  7 17]
506,577253,9.766275189226679,0.21589247591654892,0.24569211900234222,506,[23 19 11  8]
507,348073,9.929606333519555,0.19991825203294322,0.26044657826423645,507,[14  7 25 15]
508,28377,9.694404925520136,0.3216448822875163,0.2562713623046875,508,[ 1  4 21 15]
509,406918,10.505717099149429,0.15275448039598516,0.2684158682823181,509,[16 19 24 19]
510,473668,9.72890002704787,0.22455372385046,0.24830693006515503,510,[19 12  6 11]
511,555901,9.489127271759367,0.20826570169791905,0.2487390786409378,511,[22 23  0  0]
512,668056,9.35271012764169,0.4019431405050414,0.23246195912361145,512,[27 11 10 12]
513,347900,9.684798795013734,0.2475386277687752,0.2648172080516815,513,[14  7 19 16]
514,284673,10.040394987874212,0.25814124583822795,0.25924932956695557,514,[11 19 14  9]
515,109497,9.757023059566249,0.32800332499693347,0.24593013525009155,515,[ 4 14  5 22]
516,580749,9.159517647148569,0.4897607475582655,0.23007872700691223,516,[23 23 15 24]
517,421547,9.759671644198033,0.29287888430784326,0.2734696567058563,517,[17  8  7  3]
518,299201,9.445973312429203,0.2458118611593956,0.22724995017051697,518,[12  7 22  8]
519,10873,9.904058630907793,0.22605996619396299,0.276119202375412,519,[ 0 12 26 27]
520,572778,9.763565333574535,0.23013423626715113,0.2504394054412842,520,[23 14  1 28]
521,101154,9.350287401400601,0.25733958555189285,0.24326319992542267,521,[4 4 8 2]
522,448756,9.870396367731102,0.1894371843956458,0.24549442529678345,522,[18 11 17 10]
523,119221,9.476119485742494,0.3633982382361777,0.25391289591789246,523,[ 4 25 22  2]
524,279279,9.53689416732314,0.26949366603037395,0.24796663224697113,524,[11 13  2  9]
525,11783,9.446325432285281,0.5042650578222335,0.26112592220306396,525,[ 0 14  0  9]
526,271762,9.391902908200398,0.3387735888598649,0.233448788523674,526,[11  4  4  3]
527,104773,10.111770755140814,0.18008643870324356,0.256208598613739,527,[ 4  8 16 25]
528,525289,10.222607507738996,0.19139302522287208,0.25076815485954285,528,[21 15 17 12]
529,100862,9.956686189230425,0.1843966036218028,0.26668524742126465,529,[ 4  3 27  0]
530,165382,9.00976480742296,0.3679297622579715,0.22097603976726532,530,[ 6 22 18 24]
531,321364,9.932624459029766,0.23906661993656578,0.26742464303970337,531,[13  5  3 15]
532,56090,10.417036113987976,0.1413140596598086,0.2803705334663391,532,[ 2  8 20  4]
533,247651,9.956837830242392,0.20993080194514702,0.24402311444282532,533,[10  4 13 20]
534,327022,10.11737869626144,0.22236233849263612,0.2767927646636963,534,[13 11 24 18]
535,556416,9.708687934237116,0.23479472273134636,0.25404679775238037,535,[22 23 17 22]
536,147713,10.333394897345867,0.24755472913262697,0.27666357159614563,536,[ 6  1 18 16]
537,600291,9.874869989209335,0.18560262867276506,0.25118857622146606,537,[24 17 22 20]
538,594271,10.187178165171504,0.16099488011366087,0.243464857339859,538,[24 10 18  3]
539,555840,10.47574578789127,0.16083096049332535,0.3086991608142853,539,[22 22 26 26]
540,121158,10.559640109736302,0.1487943728870914,0.3071436583995819,540,[ 4 28  1 25]
541,324779,8.856661906778585,0.3628965964541849,0.2427886575460434,541,[13  9  5  8]
542,78234,9.77950002526188,0.23508775244486854,0.27740275859832764,542,[ 3  6  0 21]
543,461971,10.099483743272891,0.23785480970179732,0.2660662531852722,543,[18 27  9  1]
544,412941,10.630929737819434,0.16211730743355243,0.28808653354644775,544,[16 27  0 10]
545,181625,9.834277261554835,0.20445970112976225,0.26628679037094116,545,[ 7 12 27 27]
546,24228,9.404151818144799,0.3447744480528347,0.24172678589820862,546,[ 0 28 23 13]
547,210141,10.629448040340597,0.1467133804990128,0.26374804973602295,547,[ 8 17 25  7]
548,31557,10.573230336774412,0.14018281212761827,0.28038445115089417,548,[ 1  8 15  5]
549,213778,10.066213983285772,0.1959695726559,0.262127548456192,549,[ 8 22  5 19]
550,20862,10.369649270140005,0.20666604280757983,0.28552544116973877,550,[ 0 24 23 11]
551,704074,10.193415419239486,0.16970466375606186,0.2732830047607422,551,[28 25  5 12]
552,374308,10.644245575233544,0.1463929533891343,0.3010978102684021,552,[15 10  2  5]
553,372466,10.32357843609118,0.24252571247727675,0.27513036131858826,553,[15  7 25 19]
554,226854,11.214571030363999,0.11125614435994988,0.3209710717201233,554,[ 9  8 21 16]
555,436377,9.71720651413406,0.46333440958077327,0.25935086607933044,555,[17 25 25 14]
556,230015,10.291925892320776,0.17225310129845264,0.2625424563884735,556,[ 9 12 14 16]
557,87960,11.187156530197456,0.1553143377654613,0.3052520751953125,557,[ 3 17 17  3]
558,706580,10.858163262426414,0.21958367107611668,0.28053730726242065,558,[28 28  4 24]
559,19403,10.418951800942908,0.2559822076549701,0.29675883054733276,559,[ 0 23  2  2]
560,36114,10.374670971691874,0.17025718673296314,0.27702298760414124,560,[ 1 13 27  9]
561,497198,10.60845245239905,0.19132512385179512,0.2998073697090149,561,[20 11  5 22]
562,695624,10.73039210058781,0.20817788455688258,0.30939584970474243,562,[28 15  4  1]
563,45794,10.314739301091361,0.26277749912354653,0.28415167331695557,563,[ 1 25 13  3]
564,359840,10.520188822818985,0.1975653927658558,0.28728440403938293,564,[14 21 25  8]
565,202002,10.406655586450144,0.15194604630794226,0.2875637412071228,565,[ 8  8  5 17]
566,55757,10.623757508689781,0.18761768204723323,0.29518505930900574,566,[ 2  8  8 19]
567,353894,11.238833172787334,0.11275790850558068,0.31036749482154846,567,[14 14 23  7]
568,541018,10.56194029833864,0.16769135971388677,0.28018659353256226,568,[22  5  8 23]
569,453177,11.056170364957605,0.16335566999710974,0.3185539245605469,569,[18 16 24 23]
570,424571,10.92341325492529,0.152109300757767,0.2859496474266052,570,[17 11 24 11]
571,513034,11.00814485391969,0.16491602791304044,0.32349079847335815,571,[21  1  0 24]
572,310570,11.003459050058868,0.15082635052308363,0.3085496723651886,572,[12 21  8  9]
573,107253,10.89597793449953,0.18086146796697805,0.30234426259994507,573,[ 4 11 15 11]
574,665619,10.960782723874667,0.13517094986958814,0.2886050343513489,574,[27  8 13 11]
575,386144,10.767445008576257,0.13767926657885138,0.2791525423526764,575,[15 24  4  9]
576,5280,10.870739707501954,0.13634222958207015,0.2898658514022827,576,[0 6 8 2]
577,640875,11.09701862877738,0.12393340410487222,0.3152550458908081,577,[26  8  1  4]
578,402393,11.155518839695713,0.12264165215141591,0.30294516682624817,578,[16 14 13 18]
579,693139,10.819464549238717,0.14411446930965582,0.30173003673553467,579,[28 12  5 10]
580,414918,11.016589672270836,0.11880463611395398,0.31134599447250366,580,[17  0 10 15]
581,553342,11.012110970929003,0.12792889714477812,0.30100017786026,581,[22 19 27 22]
582,693169,11.435735070202844,0.11112371771858295,0.3212509751319885,582,[28 12  6 11]
583,215229,10.837088005442366,0.16725036233098883,0.30393004417419434,583,[ 8 23 26 20]
584,489843,11.236240351152492,0.14272740375072743,0.3104625940322876,584,[20  2 13  4]
585,591164,11.30944590757333,0.09394966545746315,0.307424932718277,585,[24  6 26 28]
586,236698,10.908717251466165,0.1505917475217805,0.31372442841529846,586,[ 9 20 13  0]
587,441478,10.783285020245248,0.25628754611833804,0.29602113366127014,587,[18  2 27 11]
588,30444,10.973635783244731,0.1636267195484603,0.3202812671661377,588,[ 1  7  5 23]
589,415036,10.968259273424255,0.18009276687034292,0.30166104435920715,589,[17  0 14 17]
590,297414,11.093836028434701,0.14278434160386116,0.32277071475982666,590,[12  5 18 19]
591,390929,11.119939907201186,0.12144032764166772,0.2963898479938507,591,[16  0 24  9]
592,219853,11.359826086119364,0.11175242810827381,0.3292439579963684,592,[ 9  0 12  4]
593,247069,11.018109068245717,0.13867113972408418,0.29226166009902954,593,[10  3 22 18]
594,285481,11.559023888178777,0.09547935184248256,0.3082577884197235,594,[11 20 13  5]
595,94662,11.285096388079365,0.14748875842358755,0.3195000886917114,595,[ 3 25 16  6]
596,117710,11.62763598958778,0.11840677474121859,0.35011905431747437,596,[ 4 23 27 28]
597,319226,11.108711351155819,0.14732240430696386,0.30707165598869324,597,[13  2 16 23]
598,405296,11.142790610754812,0.12957221163393864,0.3141036629676819,598,[16 17 26 21]
599,478580,10.732753961537174,0.1627820491930893,0.27445346117019653,599,[19 18  1 22]
600,488217,10.98451078558294,0.1783308613251882,0.32674476504325867,600,[20  0 15  2]
601,420918,11.352079466508169,0.1441750499871084,0.31861504912376404,601,[17  7 14 12]
602,232531,11.063466067209333,0.1102334169203748,0.2987966239452362,602,[ 9 15 14  9]
603,180972,11.474326029013861,0.09912714978674328,0.3223065733909607,603,[ 7 12  5 12]
604,643056,11.71515456470572,0.10590508692113926,0.32520148158073425,604,[26 10 18 10]
605,241890,11.755587638530669,0.10325742187184991,0.34009483456611633,605,[ 9 26 18  1]
606,544502,11.624441571311944,0.09128053112825041,0.32960033416748047,606,[22  9 12 27]
607,379947,11.860977544779246,0.0970426617565401,0.3364903926849365,607,[15 16 22 18]
608,613721,11.712441331950178,0.09391199689361873,0.34338271617889404,608,[25  4 21 23]
609,521463,10.996872914655242,0.13059119612202666,0.3186380863189697,609,[21 11  1 14]
610,555394,11.10727732442643,0.1848647450795286,0.34624046087265015,610,[22 22 11 15]
611,401829,11.044584139243652,0.11105661272319399,0.32297730445861816,611,[16 13 23  5]
612,98096,11.082447516035504,0.11654263495570966,0.3074134290218353,612,[ 4  0 18 18]
613,398501,11.61349246595855,0.1309632172871919,0.32771480083465576,613,[16  9 24 12]
614,59033,11.605877248906289,0.13405072164329276,0.32433125376701355,614,[ 2 12  5 18]
615,638498,11.915383638773385,0.07974739031938616,0.3456539809703827,615,[26  5  6  5]
616,131857,11.129374918098788,0.14585916004351088,0.3153156042098999,616,[ 5 11 22 23]
617,609061,11.729971856271618,0.08748478992642064,0.3445378243923187,617,[24 28  6  3]
618,637675,11.68094076135647,0.09453131845457015,0.3427266478538513,618,[26  4  6 23]
619,700638,11.681638927671285,0.12205947295156687,0.3392115533351898,619,[28 21  2 27]
620,405128,11.656352809094521,0.1854175233960802,0.32213324308395386,620,[16 17 20 27]
621,218590,11.668408409985144,0.08705632482800175,0.3318372666835785,621,[ 8 27 26 17]
622,70398,12.044457478676351,0.08621885243081069,0.3332410156726837,622,[ 2 25 20 15]
623,686049,11.708878410787747,0.11971028833023444,0.3382819592952728,623,[28  3 21 25]
624,665112,12.007527975306878,0.08689141371479722,0.32673174142837524,624,[27  7 24 26]
625,162886,11.551941326191454,0.1336038447775357,0.3472408950328827,625,[ 6 19 19 22]
626,225561,11.616464598655092,0.12704219770764352,0.3346977233886719,626,[ 9  7  5 28]
627,109879,12.02101231819203,0.10730769572278773,0.3547268807888031,627,[ 4 14 18 27]
628,438778,11.953491490399124,0.08727973454771042,0.35576575994491577,628,[17 28 21  8]
629,229896,11.128811957794674,0.1224676497368695,0.3148556649684906,629,[ 9 12 10 13]
630,635339,11.653192679394557,0.12235545050539277,0.34731525182724,630,[26  1 13  7]
631,516541,11.53166237511873,0.10461304886891708,0.3165096342563629,631,[21  5  5 22]
632,468012,11.521303384356038,0.10587047956942873,0.34605076909065247,632,[19  5 14 10]
633,571311,11.991127231348619,0.10073142221155257,0.3509141802787781,633,[23 12  9 11]
634,659781,11.386233725039832,0.14485309998377494,0.3223925232887268,634,[27  1 15  2]
635,632299,11.7524674883073,0.10821443343791322,0.3314753472805023,635,[25 26 24 12]
636,267134,11.718794717075989,0.11259941931151775,0.34528642892837524,636,[10 27 18 15]
637,363087,11.632369801878895,0.12111480218849824,0.3426820635795593,637,[14 25 21  7]
638,222562,11.612541320786045,0.12526334046545867,0.334402859210968,638,[ 9  3 18 16]
639,88765,11.920230389390891,0.08712412526606755,0.3250631093978882,639,[ 3 18 15 25]
640,598769,11.842009909237953,0.13240353504829924,0.3520507216453552,640,[24 15 28  6]
641,196935,11.59765358967399,0.09813543375847648,0.3188175559043884,641,[ 8  2  4 25]
642,242619,11.68803676138489,0.0996418786011477,0.3492448329925537,642,[ 9 27 14  5]
643,27019,11.394351324692792,0.12385991056546972,0.34413057565689087,643,[ 1  3  3 20]
644,331988,12.295417301387914,0.08311406245794774,0.36154821515083313,644,[13 17 21 25]
645,69427,11.865337701214306,0.08841763278116385,0.3439481854438782,645,[ 2 24 16  1]
646,661644,12.157102417720335,0.10024159555519054,0.37203606963157654,646,[27  3 21  9]
647,38841,11.553583743166605,0.1028029505014243,0.31878623366355896,647,[ 1 17  5 10]
648,705626,11.841691220082653,0.11615063046401321,0.3422376811504364,648,[28 27  0 27]
649,258343,11.510046993861874,0.09790343707455472,0.31554198265075684,649,[10 17  5 11]
650,407877,12.017449806290427,0.09740940191070727,0.35486042499542236,650,[16 20 28 21]
651,238971,12.09226020791938,0.09886364706515106,0.32877933979034424,651,[ 9 23  4 11]
652,212852,12.18832573551455,0.07694927612393979,0.33736157417297363,652,[ 8 21  2 21]
653,263469,12.550006113474737,0.08071663435280126,0.36149755120277405,653,[10 23  8  4]
654,639948,11.9502367442388,0.09003077017438595,0.34945520758628845,654,[26  6 27  5]
655,323995,11.975066345548505,0.08751429007000051,0.3269267976284027,655,[13  8  7  7]
656,106878,12.124036801426968,0.08962432524957333,0.36144381761550903,656,[ 4 11  2 13]
657,371609,12.343972360501084,0.07586328117566729,0.34884604811668396,657,[15  6 25  3]
658,338969,12.346373606993987,0.07778436342583801,0.34230995178222656,658,[13 26  1 17]
659,133162,12.042322425145507,0.10464556046309324,0.34065836668014526,659,[ 5 13  9 23]
660,230602,12.471157561773412,0.08973366218009737,0.37200766801834106,660,[ 9 13  5 23]
661,477511,12.012954772360484,0.11136631574263862,0.34806719422340393,661,[19 16 22 26]
662,403746,11.766060205380658,0.10510123279471989,0.3623378276824951,662,[16 16  2  8]
663,296928,12.288142754068067,0.08142152778119907,0.3581337630748749,663,[12  5  1 26]
664,376079,12.363697116634071,0.07655379556513718,0.3695617616176605,664,[15 12  5  7]
665,536629,11.995947557514706,0.08649649821915201,0.3359875977039337,665,[22  0  2 13]
666,641612,12.120517599478589,0.08556386035609634,0.36361435055732727,666,[26  8 26 16]
667,249813,12.67504709167368,0.07353909858677697,0.37965741753578186,667,[10  7  1  7]
668,680551,12.900470053919822,0.0690941686315074,0.3598881959915161,668,[27 26  6  8]
669,281453,12.265933582012284,0.07452290254676433,0.3493128716945648,669,[11 15 19  8]
670,10341,12.32265645681871,0.0772846633648288,0.3588581383228302,670,[ 0 12  8 17]
671,346596,12.107079662687276,0.08035396116188903,0.3583560287952423,671,[14  6  3 17]
672,650542,12.82030326287763,0.07598308419988678,0.3759162724018097,672,[26 19 15 14]
673,132172,12.132726520520297,0.08711156696169282,0.3512774109840393,673,[ 5 12  4 19]
674,346445,12.70008177388605,0.07782473377436638,0.3636244535446167,674,[14  5 27 11]
675,455577,12.57031045546544,0.09558534034026568,0.3595239818096161,675,[18 19 20 16]
676,143932,12.452943720256908,0.07213920398784454,0.36359450221061707,676,[ 5 26  4  5]
677,306929,12.702395041697493,0.08544015078861315,0.37397247552871704,677,[12 16 27 22]
678,417695,12.71638846196736,0.08855510132195589,0.3734112083911896,678,[17  3 19  8]
679,629954,12.362331915847903,0.08473561591893693,0.3668309152126312,679,[25 24  1 16]
680,345142,12.882734179392727,0.06554071770388967,0.3801698386669159,680,[14  4 11 13]
681,296526,12.891724130154628,0.06759352218674114,0.38740864396095276,681,[12  4 17  1]
682,412748,13.263201553620835,0.056696983958013,0.3746558427810669,682,[16 26 22 20]
683,403513,13.182477721974895,0.054568809663526466,0.38249436020851135,683,[16 15 23  7]
684,245172,12.833566759278824,0.07393446810981351,0.37248292565345764,684,[10  1 15  6]
685,443665,12.966605638626124,0.06339805100137946,0.3804328143596649,685,[18  5 15 23]
686,668354,13.17181103199995,0.06152860729008953,0.397525429725647,686,[27 11 20 20]
687,3426,13.12733577728751,0.05768850789993198,0.37974101305007935,687,[0 4 2 4]
688,351828,13.343550521668634,0.05373930339013212,0.3916361927986145,688,[14 12 10  0]
689,493886,13.04771118166553,0.05811904408483283,0.3895910978317261,689,[20  7  7 16]
690,52588,13.132159608443722,0.058335620189042675,0.3841821849346161,690,[ 2  4 15 11]
691,399852,12.756361304475965,0.0652976207297507,0.3758666515350342,691,[16 11 13  0]
692,625685,12.55768022027691,0.07038049743419852,0.3929100036621094,692,[25 18 28 10]
693,681637,12.949097772858513,0.06745186877850468,0.39471107721328735,693,[27 27 14 21]
694,345940,13.397871377321056,0.05202936680911322,0.40247973799705505,694,[14  5  9 28]
695,36291,13.29607923975663,0.06039469504757988,0.38833561539649963,695,[ 1 14  4 12]
696,211429,13.086718224020267,0.05884340058267566,0.4022165834903717,696,[ 8 19 11 19]
697,128565,13.196943034336911,0.05660691043124906,0.38962677121162415,697,[ 5  7 25  8]
698,405191,13.22617027152511,0.05585205452742098,0.3941374123096466,698,[16 17 23  3]
699,683484,13.454075623785196,0.05419703858497087,0.399042546749115,699,[28  0 20 12]
700,59846,13.348882497795762,0.0550186338468463,0.39846763014793396,700,[ 2 13  4 19]
701,286862,13.378812076220772,0.054626935950351174,0.4004339873790741,701,[11 22  2 23]
702,92988,13.324198199395788,0.0608213213472672,0.40220382809638977,702,[ 3 23 16 14]
703,2213,13.389744375701241,0.05361458248103844,0.4015691876411438,703,[ 0  2 18  9]
704,416851,13.164495029104685,0.06088266827724844,0.3861690163612366,704,[17  2 19  5]
705,77865,13.255223607547673,0.05638112799483586,0.3922782838344574,705,[ 3  5 17  0]
706,168745,13.270360742432672,0.0880312102516134,0.399017870426178,706,[ 6 26 18 23]
707,572304,13.36948654390266,0.057856355955545204,0.3986290991306305,707,[23 13 14 18]
708,380199,12.874238568797324,0.09285978804691454,0.3825607895851135,708,[15 17  2  9]
709,470446,13.287978219277052,0.05516048421769791,0.39541250467300415,709,[19  8 11  8]
710,233038,13.388287571122428,0.055245960466563,0.3947093188762665,710,[ 9 16  2 23]
711,16360,13.29758742852216,0.05991230004041023,0.39766496419906616,711,[ 0 19 13  4]
712,195741,13.434043005354876,0.05362066689506071,0.3987574875354767,712,[ 8  0 21 20]
713,495870,13.927189514105905,0.046992586832757796,0.4128175675868988,713,[20  9 17 28]
714,295678,13.4719510611784,0.05257266071223319,0.4038469195365906,714,[12  3 16 23]
715,328205,13.551794431120994,0.05351844996063844,0.40542370080947876,715,[13 13  7 12]
716,396317,13.42576054106592,0.05324472765041608,0.4094972014427185,716,[16  7  7  3]
717,530816,13.811222964407644,0.051314667593691,0.40913477540016174,717,[21 22  5  0]
718,105994,13.580906389737182,0.0558128672795836,0.41140016913414,718,[ 4 10  0 28]
719,529642,13.939592353931411,0.046876867411401214,0.4068065285682678,719,[21 20 22 15]
720,476250,13.789741371465926,0.04882349301105246,0.4081757962703705,720,[19 15  8 12]
721,597963,13.870015353921886,0.04827545290521807,0.4035525619983673,721,[24 15  0 12]
722,465129,14.050723664774573,0.04590028146422228,0.41724997758865356,722,[19  2  1 27]
723,106069,13.656645680273261,0.051171079332364366,0.4182766079902649,723,[ 4 10  3 16]
724,204268,14.15550218188465,0.04397835887204916,0.4229452908039093,724,[ 8 10 25 21]
725,291706,14.07217568733689,0.04534177686700633,0.42417752742767334,725,[11 27 24 24]
726,676916,14.337729820214292,0.04209261638801178,0.4233277142047882,726,[27 21 25 27]
727,286170,13.832697203212266,0.04792420732561973,0.4237464368343353,727,[11 21  7 27]
728,38851,13.996322862439467,0.04564020009906318,0.4178936183452606,728,[ 1 17  5 20]
729,570014,13.94776436426362,0.046639510901207354,0.41799649596214294,729,[23 10 22 19]
730,35356,13.99996450135841,0.046152602402994604,0.4245796501636505,730,[ 1 13  1  5]
731,272251,14.263483423337124,0.04501271232470515,0.4368714988231659,731,[11  4 20 28]
732,126386,14.181489204144611,0.04450741871663531,0.4232466518878937,732,[5 5 8 4]
733,636913,14.400833929616898,0.04171249872504757,0.43411892652511597,733,[26  3  9 15]
734,211445,14.345010614519044,0.04176674012918816,0.4313822388648987,734,[ 8 19 12  6]
735,521823,14.222763323015648,0.04309580015869553,0.43804731965065,735,[21 11 13 26]
736,395478,14.129997151484122,0.04452308140073412,0.43237370252609253,736,[16  6  7  5]
737,82218,14.196609691473226,0.04378121410978377,0.4300277829170227,737,[ 3 10 22  3]
738,260362,14.1688713899764,0.044045793723874814,0.438955694437027,738,[10 19 17  0]
739,383207,14.534315408581882,0.039947314090068964,0.4417053759098053,739,[15 20 19  1]
740,387615,14.39559717797216,0.041304743075836,0.44580963253974915,740,[15 25 26  1]
741,566419,14.173296740569754,0.04398923847705079,0.43133217096328735,741,[23  6 14 20]
742,374531,14.36143939975631,0.04166630100823373,0.4375467598438263,742,[15 10  9 25]
743,532702,14.314722089924079,0.04235809464386514,0.43436795473098755,743,[21 24 12  1]
744,342310,14.461288744368176,0.04113005514160792,0.44010281562805176,744,[14  1  0 23]
745,218904,14.315714940425453,0.04306150605266746,0.44363492727279663,745,[ 8 28  8 12]
746,385531,14.457910853227355,0.04112798750416771,0.438228577375412,746,[15 23 12  5]
747,265464,14.46291941728094,0.04167257439284109,0.445894330739975,747,[10 25 18 27]
748,41691,14.497586849471675,0.04036579260482966,0.4428918957710266,748,[ 1 20 16 18]
749,354384,14.583462503061714,0.041579406554985945,0.4488300085067749,749,[14 15 11  4]
750,668381,14.79164544789575,0.03791987448756647,0.44900229573249817,750,[27 11 21 18]
751,195691,14.807809782720906,0.03748229521965932,0.4494338929653168,751,[ 8  0 19 28]
752,41964,14.728388379339211,0.03835696378549814,0.4509308636188507,752,[ 1 20 26  1]
753,342976,14.621964400945766,0.04007682769047891,0.4526841938495636,753,[14  1 23 22]
754,681251,14.63220193172643,0.0392849668711221,0.4546346068382263,754,[27 27  1 12]
755,17168,14.65929649958932,0.04104244100371109,0.4513113498687744,755,[ 0 20 12  0]
756,632972,14.92998759440461,0.03632242215652884,0.4532965421676636,756,[25 27 18 18]
757,421279,14.712673536184425,0.039301530368820094,0.4521598815917969,757,[17  7 26 25]
758,431402,14.736460082672163,0.038527378060770716,0.4550877511501312,758,[17 19 27 27]
759,77635,14.933132906432224,0.036297433037533924,0.46229681372642517,759,[3 5 9 2]
760,321331,14.550835650313516,0.04160886552546019,0.4507041871547699,760,[13  5  2 11]
761,220193,14.64354603685283,0.03910086434840731,0.45403191447257996,761,[ 9  0 23 25]
762,589694,14.992592370103123,0.03589082138824023,0.4616393744945526,762,[24  5  5  8]
763,429404,14.92595794929548,0.03657074078818217,0.4611789584159851,763,[17 17 17  1]
764,565253,14.873128566040787,0.03724832239301052,0.45575273036956787,764,[23  5  3 14]
765,15227,14.725869328585608,0.03876829434909084,0.456809401512146,765,[ 0 18  3  2]
766,192311,14.960179724299241,0.0366280249379793,0.4619165062904358,766,[ 7 25 19 12]
767,484131,15.048393825248109,0.035544199731429964,0.46855080127716064,767,[19 24 19  5]
768,613056,15.189003138737856,0.03397830885457974,0.47437039017677307,768,[25  3 27 25]
769,679130,15.123663658777307,0.0344966631036963,0.4687953591346741,769,[27 24 15  8]
770,527656,15.118206262538923,0.036486734626178415,0.4745361804962158,770,[21 18 12  1]
771,40122,14.966248333080909,0.036388179000101405,0.469007670879364,771,[ 1 18 20 15]
772,489049,15.039807163210542,0.03573080564251293,0.47945353388786316,772,[20  1 14 22]
773,141691,15.186614615167265,0.034755478883407964,0.478293240070343,773,[ 5 23 13 26]
774,559633,15.158912008185919,0.03530731785796306,0.4824050962924957,774,[22 27 12 20]
775,567283,15.163566684922342,0.035180685548883366,0.48070406913757324,775,[23  7 15 14]
776,41642,15.261380743280906,0.03383498669235654,0.4840538501739502,776,[ 1 20 14 27]
777,367007,15.117059251988243,0.03525712291364796,0.4801832139492035,777,[15  1 11 12]
778,704000,15.167289363415257,0.03435509052322877,0.48165008425712585,778,[28 25  2 25]
779,569436,15.337711767900464,0.033275275018471814,0.48371168971061707,779,[23 10  2 21]
780,34446,15.23647651060869,0.0341849139052244,0.4771406948566437,780,[ 1 11 27 23]
781,72313,15.4238434533032,0.03225749569999465,0.4914788603782654,781,[ 2 27 28 16]
782,44747,15.584541496875223,0.031199879688091132,0.4938337802886963,782,[ 1 24  6  0]
783,663034,15.820193409662291,0.029720192188737025,0.49837109446525574,783,[27  5 11  7]
784,488550,15.692093746722488,0.030516269292307798,0.4970795512199402,784,[20  0 26 16]
785,559530,15.83918390920245,0.0295909392316113,0.4948214888572693,785,[22 27  9  4]
786,295818,15.861588979487081,0.029386714222385462,0.49997299909591675,786,[12  3 21 18]
787,36227,15.581909612074824,0.03258509625087549,0.4941839277744293,787,[ 1 14  2  6]
788,64603,16.12342499813989,0.027500633847342113,0.5027393102645874,788,[ 2 18 23 20]
789,620194,16.032458672926005,0.028175459085470873,0.5061817765235901,789,[25 12 13  0]
790,549796,15.938876708109735,0.02944208160109917,0.5026301741600037,790,[22 15 21 14]
791,53176,15.908533158986993,0.029136715198982508,0.5041126608848572,791,[ 2  5  6 19]
792,421225,15.955244193329662,0.02878026158620343,0.5050686597824097,792,[17  7 25  0]
793,635706,15.668633075506232,0.03281247753617411,0.4998801350593567,793,[26  1 25 26]
794,344175,15.83388471156999,0.03037040712986063,0.5056087970733643,794,[14  3  7  3]
795,560517,15.921237921062072,0.0290574267927274,0.5101583003997803,795,[22 28 14  5]
796,279024,16.22035402777327,0.027225975891568503,0.5126152634620667,796,[11 12 22 15]
797,282123,16.265548751740592,0.026962848424254365,0.5143231153488159,797,[11 16 13 11]
798,123757,16.125807189425622,0.027870754890258493,0.5188724994659424,798,[ 5  2  4 14]
799,142253,16.03531380582521,0.028503137418960267,0.5107641816139221,799,[ 5 24  4  8]
800,342440,16.105460796344545,0.027982186235187598,0.5124620795249939,800,[14  1  5  8]
801,23077,16.25369946316566,0.02733743574399007,0.5196238160133362,801,[ 0 27 12 22]
802,546570,16.692795402270338,0.024158226725858854,0.5273572206497192,802,[22 11 26  7]
803,73674,16.543436650492424,0.02515493646690517,0.5320738554000854,803,[ 3  0 17 14]
804,87566,16.618231808003117,0.024668352592545694,0.5313225984573364,804,[ 3 17  3 15]
805,426823,16.511013973720893,0.026051806514670844,0.5287641286849976,805,[17 14 15  1]
806,525066,16.626727119960265,0.024776207123387607,0.5279234051704407,806,[21 15  9 21]
807,308063,16.808349129725457,0.02369812086873285,0.5367844700813293,807,[12 18  8 25]
808,164131,16.661185300876056,0.02435742621048414,0.5333862900733948,808,[ 6 21  4 20]
809,69704,16.579175824358284,0.02506164484065145,0.5309668779373169,809,[ 2 24 25 17]
810,247021,16.694916045643982,0.024554281764903714,0.5381195545196533,810,[10  3 20 28]
811,23707,16.469734890856817,0.02570854701521776,0.5289031267166138,811,[ 0 28  5 14]
812,158592,16.997364189402344,0.02297670204272777,0.5420759320259094,812,[ 6 14 16 20]
813,280029,16.71603707971602,0.02469201736619691,0.5297887921333313,813,[11 13 28  5]
814,7157,16.862440660312963,0.02355469232840972,0.539186418056488,814,[ 0  8 14 23]
815,546363,16.76119354695903,0.02420453216475527,0.5343023538589478,815,[22 11 19  3]
816,95800,16.68600043690698,0.024824114008700365,0.5360599160194397,816,[ 3 26 26 13]
817,319836,17.077346554083302,0.022606702621567082,0.5430625677108765,817,[13  3  8 24]
818,528075,16.915195191166397,0.02307618722486644,0.5452320575714111,818,[21 18 26 14]
819,684566,17.14391330217335,0.02194242491207498,0.5522853136062622,819,[28  1 28 21]
820,574838,18.838315194377145,0.015330454083252634,0.5679531693458557,820,[23 16 15  0]
821,573987,18.81545195269541,0.01545642151004378,0.5714960694313049,821,[23 15 14 19]
822,121122,18.964247892624513,0.015039273334936546,0.5732608437538147,822,[ 4 28  0 18]
823,410256,19.071638868330467,0.0146097240193512,0.5828402042388916,823,[16 23 23 22]
824,340184,19.03297198995969,0.014619199907724163,0.5866456627845764,824,[13 27 14 14]
825,192610,19.353586931141326,0.013631506629737855,0.5864478945732117,825,[ 7 26  0 21]
826,139025,19.15556852939423,0.01423203118684902,0.5834988951683044,826,[ 5 20  8 28]
827,605064,19.259173207373465,0.013827713011611176,0.5851203203201294,826,[24 23 13  8]
828,82646,19.03773989058317,0.014553738310910416,0.5839308500289917,827,[ 3 11  7 25]
829,474865,19.115080488057366,0.014356558720257345,0.5956635475158691,827,[19 13 18 19]
830,54150,19.357370378810803,0.013367644743203427,0.6015304327011108,828,[ 2  6 11  7]
831,706201,19.24190978344647,0.013883151318490978,0.5962762236595154,828,[28 27 20 22]
832,555314,19.31760430598093,0.01364131387210328,0.6025051474571228,829,[22 22  8 22]
833,652878,19.508329196057744,0.01290216463511007,0.6103634834289551,829,[26 22  9  1]
834,481703,19.372413954564117,0.013433608015194238,0.6053842902183533,830,[19 21 22 13]
835,390419,19.424287649965574,0.013316902164655132,0.6069356799125671,830,[16  0  6 21]
836,501143,19.55386334681014,0.012843415802490828,0.619899570941925,830,[20 15 25 23]
837,307583,19.532170010014646,0.012851405262024584,0.6183138489723206,830,[12 17 21  9]
838,68118,19.530403826483834,0.012784998882103068,0.619938313961029,830,[ 2 22 28 26]
839,600496,19.52831431682401,0.012866395026008417,0.6193110346794128,830,[24 18  0 22]
840,253347,19.411622630943615,0.01325109035162948,0.6237737536430359,830,[10 11  7  3]
841,326296,19.288977603918593,0.01345672960642997,0.6223477721214294,830,[13 10 28 17]
842,651210,19.6298263517817,0.012496319696442224,0.6281394958496094,830,[26 20  9 15]
843,495370,19.730878306788767,0.012141358863098495,0.6318660974502563,830,[20  9  0 21]
844,398182,19.591156897878935,0.012642993863271584,0.6276705265045166,830,[16  9 13 12]
845,416927,19.764121255611677,0.012083757843018024,0.6305701732635498,830,[17  2 21 23]
846,568305,19.71661408911947,0.012213538282674756,0.6357384920120239,830,[23  8 21 21]
847,541254,19.755099662417855,0.012036077740951834,0.6350261569023132,830,[22  5 16 27]
848,441603,19.987161656627265,0.0114653867047558,0.6411089301109314,830,[18  3  2 20]
849,198180,19.814376828363343,0.01194875695266924,0.6364931464195251,830,[ 8  3 18 23]
850,172260,19.99273193495243,0.01157237040785105,0.6412273645401001,830,[ 7  1 24  0]
851,483142,19.86118018427309,0.01175533450998019,0.6429628133773804,830,[19 23 14  2]
852,604165,19.956409969923964,0.011423142478442023,0.647759199142456,830,[24 22 11  8]
853,539406,19.937540962942812,0.011459816102846701,0.6485755443572998,830,[22  3 11  6]
854,588621,20.04346089960403,0.011184504474928577,0.6486167907714844,830,[24  3 26  8]
855,371741,20.112979942129137,0.011077667797197228,0.6488532423973083,830,[15  7  0 19]
856,585743,20.15124424908197,0.010901156147104574,0.650118887424469,830,[24  0 14  1]
857,469662,20.020323029307182,0.011251464154976782,0.6460816860198975,830,[19  7 13  7]
858,355106,20.03731990899476,0.011242046570556302,0.6470550894737244,830,[14 16  7  1]
859,470464,19.960871396729477,0.011400049668630124,0.6503887176513672,830,[19  8 11 26]
860,690204,20.185816321184546,0.010884898773081221,0.6560267210006714,830,[28  8 20  4]
861,396090,20.119614197575302,0.011050651887617073,0.6670069098472595,830,[16  6 28  8]
862,145648,20.35961557349546,0.010335908721720397,0.6696026921272278,830,[ 5 28  5 10]
863,661143,20.306440267020864,0.010426881595697948,0.6723279356956482,830,[27  3  4  1]
864,182495,20.468454503926612,0.010026044633153302,0.6708487868309021,831,[ 7 13 28 27]
865,2612,20.40031421360856,0.01016924382288747,0.6659393906593323,831,[0 3 3 2]
866,193120,20.57852088463026,0.009777198469333531,0.6694204807281494,832,[ 7 26 18  9]
867,221901,20.587042628252217,0.009743509171452808,0.6736741065979004,832,[ 9  2 24 22]
868,430559,20.384062490454795,0.010216599438710635,0.6684092879295349,832,[17 18 27 25]
869,23931,20.483326733671422,0.0099666398149905,0.6805265545845032,832,[ 0 28 13  6]
870,664575,20.70158912368302,0.00935515443724302,0.6880596876144409,832,[27  7  6 11]
871,653283,20.65733321516604,0.009498679217039634,0.6916731595993042,832,[26 22 23  0]
872,261506,20.777367807547712,0.009182063823913816,0.6946119070053101,832,[10 20 27 13]
873,517174,20.774618868628988,0.009169594321384542,0.7009220719337463,832,[21  5 27 17]
874,469387,20.912477264545505,0.008874455823034866,0.7079712152481079,832,[19  7  3 22]
875,391209,20.83434551359651,0.009077904442887972,0.7062156796455383,832,[16  1  4 28]
876,421142,20.932381496519454,0.008830871802003412,0.7076970338821411,832,[17  7 22  4]
877,549297,20.927567684903114,0.008824668705143878,0.711670458316803,832,[22 15  4  8]
878,454888,20.98524128166302,0.008693619636155812,0.7132903337478638,832,[18 18 25 23]
879,390584,20.893751705496513,0.00890847098097817,0.7081834077835083,832,[16  0 12 12]
880,365868,20.979330880844593,0.00865838448400975,0.7137064337730408,832,[15  0  1  4]
881,26040,20.894084279475436,0.00884139368960371,0.7111458778381348,832,[ 1  1 27 27]
882,460710,20.97348450672331,0.008657378491185586,0.7184741497039795,832,[18 25 23 16]
883,419797,21.02407568517231,0.008528014823285848,0.7234076857566833,832,[17  6  4 22]
884,454484,21.103981890350166,0.008340323025614908,0.7336924076080322,832,[18 18 11 25]
885,613164,21.1717724520991,0.008199552950341768,0.7343831658363342,832,[25  4  2 17]
886,12460,21.170158403011694,0.008194140751328068,0.7349607348442078,832,[ 0 14 23 19]
887,175901,21.154867614968353,0.008224130399443936,0.7334556579589844,832,[ 7  6  4 16]
888,637333,21.1615684646115,0.008207938125485445,0.7354242205619812,832,[26  3 24  0]
889,591657,21.099933094669325,0.008355448537737453,0.7336167097091675,832,[24  7 14 28]
890,294761,21.149535773018194,0.008210494160506577,0.7360034584999084,832,[12  2 14  5]
891,585227,21.19622140075446,0.00813124490830588,0.737782895565033,832,[23 28 25  7]
892,600157,21.24834184944856,0.008036165797288648,0.7387913465499878,832,[24 17 18  2]
893,682944,21.236365510084706,0.008093207503112898,0.7383829355239868,832,[28  0  1 23]
894,144585,21.265536825091544,0.008039577292735054,0.7397558689117432,832,[ 5 26 26 20]
895,62962,21.236497538481466,0.008073044366277468,0.7409504055976868,832,[ 2 16 25  3]
896,247142,21.281081412324102,0.00795062863752362,0.7455096244812012,832,[10  3 25  4]
897,192614,21.385443445819142,0.0077205995911356325,0.7455003261566162,832,[ 7 26  0 25]
898,593572,21.35133641756831,0.0078082867034500545,0.7483586668968201,832,[24  9 23  0]
899,68170,21.388508381080626,0.007720590765980204,0.7518153190612793,832,[ 2 23  1 20]
900,265502,21.333153408292755,0.007840796962927287,0.7489806413650513,832,[10 25 20  7]
901,205744,21.327931697540755,0.00785710529759259,0.7501679062843323,832,[ 8 12 18 18]
902,216081,21.366053867681025,0.007773951127443136,0.7543306946754456,832,[ 8 24 27  2]
903,307645,21.384449793922133,0.007743571930742703,0.7552173137664795,832,[12 17 23 13]
904,534352,21.407407966402303,0.0076834484369024455,0.756218433380127,832,[21 26 10 27]
905,527442,21.429754175463543,0.007634050732986016,0.7583398222923279,832,[21 18  4 19]
906,557091,21.42754722573182,0.0076336638778111005,0.7585525512695312,832,[22 24 12  1]
907,654525,21.44415955993111,0.007602932899399949,0.7620707750320435,832,[26 24  7 24]
908,148956,21.453491708901705,0.007562188813456758,0.7650303244590759,832,[ 6  3  3 12]
909,681060,21.45579779401438,0.007559559075210047,0.77106773853302,832,[27 26 23 24]
910,27768,21.52748103079312,0.00743978870424053,0.7768872380256653,832,[ 1  4  0 15]
911,562886,21.486311892212655,0.007520080531106035,0.7751582860946655,832,[23  2  8 25]
912,292860,21.59130240422432,0.007351160315747914,0.7771006226539612,832,[12  0  6 18]
913,484738,21.576131616680488,0.007354845900327589,0.7795990705490112,832,[19 25 11  3]
914,269859,21.58502928973903,0.007337542769799026,0.7791041135787964,832,[11  1 25 14]
915,694926,21.571526288398985,0.007344053114613353,0.7861806750297546,832,[28 14  8 28]
916,74399,21.582165817286455,0.00732800946486056,0.7868791818618774,833,[ 3  1 13 14]
917,289372,21.580879850283303,0.0073130297183650935,0.7872103452682495,833,[11 25  2 10]
918,481804,21.57301618312728,0.007340145773167004,0.7874799966812134,833,[19 21 25 27]
919,661909,21.600775134395697,0.007302006021185708,0.7883325219154358,833,[27  4  1 13]
920,275280,21.636451533990666,0.007242880020759467,0.7889124751091003,834,[11  8  9 12]
921,88164,21.581581223559233,0.007323061303846064,0.7894992828369141,834,[ 3 17 24  4]
922,115389,21.641391986491225,0.007229138022829197,0.7957751750946045,834,[ 4 21  5 27]
923,300545,21.671044777074762,0.007169967644929189,0.79762202501297,834,[12  9 10 18]
924,422470,21.684643976970257,0.0071376537132050765,0.7995532751083374,834,[17  9  9 27]
925,53735,21.670216244225955,0.007179694678378498,0.7975814342498779,834,[ 2  5 25 27]
926,184128,21.758162761436225,0.007024504867497781,0.8000640869140625,834,[ 7 15 27  7]
927,632200,21.710489980885303,0.007109504226354192,0.7983665466308594,834,[25 26 21  0]
928,542848,21.686847730856826,0.007125577778137808,0.7982265949249268,834,[22  7 13 26]
929,25415,21.697821288598057,0.007101332634812305,0.7987886667251587,834,[ 1  1  6 11]
930,94882,21.74269381164612,0.007015011673730459,0.8058235049247742,834,[ 3 25 23 23]
931,617599,21.78859891093843,0.00691512239005551,0.8049636483192444,834,[25  9 10 15]
932,657868,21.76541519653084,0.006951641559864705,0.805143415927887,834,[26 28  7  3]
933,302363,21.756429203480224,0.00697667974818266,0.804366946220398,834,[12 11 15  9]
934,436887,21.76378975761237,0.006952797989265489,0.805802047252655,834,[17 26 14  2]
935,470821,21.801917616723276,0.0068934421831448964,0.8060839176177979,834,[19  8 24  6]
936,137886,21.795103582137443,0.0069076734863249825,0.8062334656715393,834,[ 5 18 27 20]
937,700516,21.806088986933467,0.0068774527677024685,0.8072201013565063,834,[28 20 27 21]
938,260943,21.797805551865373,0.006903714385525172,0.8061248064041138,834,[10 20  8  1]
939,81426,21.803452925035995,0.0068888185483622095,0.8077490329742432,834,[ 3  9 23 23]
940,587449,21.813355625708475,0.006871360657338645,0.8088613152503967,834,[24  2 14 25]
941,176824,21.82330198122479,0.006844852888735252,0.8125088810920715,834,[ 7  7  7 11]
942,501842,21.815648164634712,0.006857662337200554,0.812211811542511,834,[20 16 20 26]
943,413606,21.860477598302758,0.006773658691913886,0.8143495917320251,834,[16 27 23  8]
944,308067,21.841963307088605,0.0068179874155819544,0.8127142190933228,834,[12 18  9  0]
945,573571,21.812616348254718,0.006881240048314448,0.8087548017501831,834,[23 15  0  9]
946,212583,21.84943721936555,0.0068100558848807205,0.8121209740638733,834,[ 8 20 22 13]
947,430295,21.842265573414256,0.00682054108658843,0.8124659061431885,834,[17 18 18 22]
948,617721,21.85485913945971,0.006799236772465324,0.814454972743988,834,[25  9 14 21]
949,521607,21.85613932473226,0.006803922741701951,0.8141375780105591,834,[21 11  6 13]
950,669739,21.862526819666087,0.006785620712114002,0.8147248029708862,834,[27 13 10 13]
951,385869,21.859493191722077,0.0067847263365665616,0.815148115158081,834,[15 23 23 24]
952,698991,21.864684611653296,0.006787425743214324,0.814775824546814,834,[28 19  4  4]
953,227293,21.8604729665571,0.0067888442106932055,0.8151861429214478,835,[ 9  9  7 20]
954,123066,21.88005445335338,0.006755252766200784,0.8169517517089844,835,[ 5  1  9 19]
955,526616,21.878375969916352,0.006743046561209,0.8159784078598022,835,[21 17  5  5]
956,280049,21.90646987326151,0.006693290679568896,0.8193466067314148,835,[11 13 28 25]
957,314820,21.890588115505384,0.006726771174135501,0.8175579309463501,835,[12 26  9 25]
958,425894,21.911583724537977,0.006675003185055442,0.8193654417991638,835,[17 13 12  0]
959,109134,21.910185584428877,0.006677535267218644,0.8192467093467712,835,[ 4 13 22  7]
960,680889,21.922794193011548,0.006650371826558875,0.8214848637580872,835,[27 26 17 27]
961,337593,21.958547843550278,0.006557263262550942,0.8266843557357788,835,[13 24 12  4]
962,613884,21.948176557118884,0.006574101889435298,0.8261057138442993,835,[25  4 27 12]
963,101012,21.94814983471817,0.006572524135304845,0.8274848461151123,835,[4 4 3 5]
964,24911,22.029120649026236,0.006435473258776369,0.8321954607963562,835,[ 1  0 18  0]
965,640962,23.17093613409257,0.004941604447005449,0.8560218214988708,836,[26  8  4  4]
966,200017,23.207498697628417,0.004894443399846047,0.8616217374801636,836,[ 8  5 24  4]
967,62647,23.192190382628834,0.004910056164420186,0.8595651388168335,836,[ 2 16 14  7]
968,522343,23.215828039532724,0.004881543179933516,0.8623303771018982,836,[21 12  2 24]
969,559147,23.197306167359905,0.004912129558951068,0.860226571559906,836,[22 26 24 27]
970,563642,23.215592078756192,0.004885205363945774,0.8605316877365112,836,[23  3  5 27]
971,312770,23.22721741024845,0.004869763037439746,0.8601120114326477,836,[12 23 26  5]
972,7778,23.209084017404606,0.004888309995237049,0.8600876927375793,836,[0 9 7 6]
973,193305,23.223927408629695,0.004872411076090732,0.8614050149917603,836,[ 7 26 24 20]
974,86625,23.229178211080963,0.004864524301203087,0.8614171743392944,836,[ 3 16  0  2]
975,224598,23.228090156655487,0.004868182431212059,0.8609492778778076,836,[ 9  6  1 22]
976,571382,23.215683999056086,0.004885037016646368,0.8596726059913635,836,[23 12 11 24]
977,134490,23.226809477523567,0.004871511002302739,0.8604614734649658,836,[ 5 14 26 17]
978,78511,23.23896692666604,0.004851390157563442,0.8623487949371338,836,[ 3  6 10  8]
979,701245,23.232428938934166,0.004866138548641432,0.8627641797065735,836,[28 21 23 25]
980,388553,23.230955903679966,0.004863780018769356,0.8630385398864746,836,[15 27  0 11]
981,637265,23.25668724679658,0.004832446249635221,0.8631750345230103,836,[26  3 21 19]
982,281380,23.253431975197927,0.004834753510936398,0.8622651696205139,836,[11 15 16 22]
983,96657,23.25029225921628,0.0048380228293728325,0.8627973198890686,836,[ 3 27 27  0]
984,118157,23.239664375091582,0.00485279385661158,0.8629809021949768,836,[ 4 24 14 11]
985,94751,23.260123064434172,0.00482656348259247,0.8648725152015686,836,[ 3 25 19  8]
986,381754,23.257418966526902,0.004824883932363701,0.8660469055175781,836,[15 18 26 27]
987,391762,23.29447932255683,0.0047759862071968555,0.8709708452224731,836,[16  1 24  1]
988,60808,23.283432360537752,0.0047999162289234015,0.8697894811630249,836,[ 2 14  8 24]
989,156508,23.30648432215667,0.004760796777307765,0.870923638343811,836,[ 6 12  2 24]
990,145442,23.30303075058726,0.004765820308569144,0.8706885576248169,836,[ 5 27 27  7]
991,230831,23.297830562349585,0.004771439002179558,0.8700315356254578,836,[ 9 13 13 20]
992,485611,23.3072800212841,0.004762264091739135,0.8713397979736328,836,[19 26 12  6]
993,67515,23.313746434741716,0.004750511639307283,0.8733977675437927,836,[ 2 22  8  3]
994,590795,23.309709777764592,0.004757892779666392,0.8730944395065308,836,[24  6 14  7]
995,421091,23.31062796273494,0.004755299209508473,0.8733838200569153,836,[17  7 20 11]
996,547821,23.316591835701956,0.004751595429621944,0.8754277229309082,836,[22 13 11 11]
997,456472,23.31637208372654,0.004745885706319499,0.8742391467094421,836,[18 20 22 12]
998,205962,23.294683750955958,0.004789245610978287,0.8712177276611328,836,[ 8 12 26  4]
999,210848,23.30501314908449,0.004765855195472209,0.8751292824745178,836,[ 8 18 20 18]
1000,391237,23.309257601685065,0.004758790068159128,0.875201940536499,836,[16  1  5 27]
1001,11569,23.338229496342237,0.0047202448056004554,0.8829850554466248,836,[ 0 13 21 27]
1002,366255,23.33676894319682,0.0047255190059623696,0.8835486173629761,836,[15  0 14 14]
1003,657043,23.32855615678075,0.004731878666450365,0.8829541206359863,836,[26 27  7 19]
1004,371206,23.33556208668451,0.004720618843339328,0.883548378944397,836,[15  6 11  6]
1005,408676,23.33076539058492,0.004730803211409203,0.8832531571388245,836,[16 21 27  8]
1006,624459,23.332995670948904,0.004725578214360985,0.8838409781455994,836,[25 17 15  2]
1007,182033,23.33854340449293,0.004713044641236512,0.883456826210022,836,[ 7 13 13  0]
1008,342436,23.33728140723654,0.004714133142845183,0.8836054801940918,836,[14  1  5  4]
1009,199914,23.332259525070697,0.004722071873813252,0.881907045841217,836,[ 8  5 20 17]
1010,303702,23.330346689934327,0.004724448078154983,0.8820891976356506,836,[12 13  3 14]
1011,530326,23.333730536198605,0.004718503462620249,0.881614089012146,836,[21 21 17  3]
1012,299227,23.33349162492371,0.0047263717409876576,0.8822856545448303,836,[12  7 23  5]
1013,588749,23.3380300977435,0.004719865063925733,0.8831528425216675,836,[24  4  1 20]
1014,217755,23.353562923975915,0.004694060016267164,0.8850117921829224,836,[ 8 26 26 23]
1015,5049,23.352616143525317,0.00469907770220592,0.8847815990447998,836,[0 6 0 3]
1016,276560,23.354836673932056,0.004693491863944134,0.886238694190979,836,[11  9 24 16]
1017,168067,23.36023822108674,0.004685122006195932,0.8874756097793579,836,[ 6 25 24 12]
1018,659598,23.35983993300026,0.004686802978962787,0.8886235356330872,836,[27  1  8 22]
1019,187155,23.36612493653928,0.0046758782082008295,0.8908878564834595,836,[ 7 19 15 18]
1020,465910,23.36621203555378,0.004676271003566245,0.8912031650543213,836,[19  2 28 25]
1021,464991,23.383611551313358,0.004651914578128558,0.892845869064331,836,[19  1 26  5]
1022,569655,23.385443069501804,0.004648448911246258,0.8979234099388123,836,[23 10 10  8]
1023,365608,23.38794315671999,0.004645703979458076,0.897404134273529,836,[14 28 21  5]
1024,639168,23.398007018217918,0.004633630924310279,0.8977528214454651,836,[26  6  0  8]
1025,633339,23.39029878263917,0.004642849605265212,0.8962632417678833,836,[25 28  2  8]
1026,509285,23.391595914469544,0.004639696208189669,0.8971334099769592,836,[20 25 16 16]
1027,99242,23.3820850913696,0.004651932968952012,0.8960404396057129,836,[4 2 0 4]
1028,400276,23.38782066831728,0.004644421028856341,0.8972091674804688,836,[16 11 27 18]
1029,245345,23.384763505287665,0.004652130359999507,0.8965318202972412,836,[10  1 21  5]
1030,439031,23.402395525507185,0.004629079675534444,0.8992232084274292,836,[18  0  1  0]
1031,585113,23.41007578029857,0.004620913906460691,0.8994579315185547,836,[23 28 21  9]
1032,360968,23.404787435188148,0.0046247889340587526,0.8997435569763184,836,[14 23  6  5]
1033,585779,23.416360365762827,0.0046080545882520516,0.9035980105400085,836,[24  0 15  8]
1034,532295,23.423696527577963,0.004597542207468501,0.9045724272727966,836,[21 23 27  0]
1035,213098,23.419681257337388,0.004602325746298835,0.9041944742202759,836,[ 8 21 11  6]
1036,416132,23.434139456212534,0.004583389210231826,0.9048072099685669,836,[17  1 23 11]
1037,92051,23.422828725008117,0.004598131646272507,0.905319094657898,836,[ 3 22 13  5]
1038,53618,23.42237256139947,0.004599927819973478,0.906281590461731,836,[ 2  5 21 26]
1039,496144,23.432232582926346,0.004584210093612979,0.9070959687232971,836,[20  9 27 12]
1040,587556,23.42913201986488,0.004587492497804476,0.9073859453201294,836,[24  2 18 16]
1041,519120,23.423607409711714,0.0045978539519424995,0.9075350165367126,836,[21  8  7 20]
1042,615669,23.423659551689717,0.004595175604300557,0.9068756699562073,836,[25  7  1 28]
1043,109405,23.430772329451113,0.004585441623205119,0.9078964591026306,836,[ 4 14  2 17]
1044,646549,23.43041595069134,0.0045862599186960494,0.9081234931945801,836,[26 14 22 23]
1045,317655,23.42759616048411,0.004591932447053125,0.9082200527191162,836,[13  0 20 18]
1046,612781,23.426054237140708,0.004593273513216684,0.908082127571106,836,[25  3 18 11]
1047,142567,23.439079073954538,0.004576963990336586,0.9085537195205688,836,[ 5 24 15  3]
1048,319270,23.43147918715278,0.004584790248982853,0.9085755944252014,836,[13  2 18  9]
1049,316207,23.433447715101117,0.004584848453802004,0.9100025296211243,836,[12 27 28 20]
1050,488335,23.42688549502709,0.004596228860102169,0.9094446897506714,836,[20  0 19  4]
1051,97034,23.436248548382924,0.004578359615147923,0.9095473289489746,836,[ 3 28 11  0]
1052,262161,24.60238347730816,0.003510800471625362,0.9098387956619263,837,[10 21 21  1]
1053,304832,24.602904928402417,0.003510421568728491,0.9099252820014954,837,[12 14 13 13]
1054,584568,24.614765238170335,0.0034994562151851056,0.9107270836830139,837,[23 28  2 15]
1055,187733,24.60995856585636,0.003503691301491103,0.9100165367126465,837,[ 7 20  6 16]
1056,154618,24.60439585867291,0.00350854196188593,0.9099342226982117,837,[ 6  9 24 19]
1057,599791,24.605466931838052,0.0035084368433991302,0.9097200632095337,837,[24 17  5 13]
1058,397900,24.61179227497756,0.0035027013655921434,0.9097825884819031,837,[16  9  3 20]
1059,563227,24.611318581503237,0.0035026258670804045,0.9098576903343201,837,[23  2 20 18]
1060,231210,24.609868092496455,0.0035035177140904034,0.9097036123275757,837,[ 9 13 26 22]
1061,12429,24.61422202943657,0.0034998935623741867,0.9103363156318665,837,[ 0 14 22 17]
1062,162240,24.618013288305907,0.003496403956682028,0.910370409488678,837,[ 6 18 26 14]
1063,564733,24.62418784843187,0.0034891174175858473,0.9116910696029663,837,[23  4 14 16]
1064,704252,24.629402728381024,0.003485713905609262,0.9121547937393188,837,[28 25 11 16]
1065,202291,24.63796384983826,0.00347731842315141,0.912752628326416,837,[ 8  8 15 16]
1066,334573,24.638271220090814,0.0034779877631303316,0.9128174185752869,837,[13 20 24  0]
1067,308894,24.638339054170515,0.0034775325058904135,0.9129180312156677,837,[12 19  8 15]
1068,79399,24.63807895565667,0.0034778754167020406,0.9129015207290649,837,[ 3  7 11 26]
1069,185633,24.638343030508874,0.0034771486827638886,0.9127160906791687,837,[ 7 17 21  4]
1070,15548,24.63902296872925,0.003477494581199564,0.9125679135322571,837,[ 0 18 14  4]
1071,214581,24.644910514049588,0.0034725911595289553,0.9131097197532654,837,[ 8 23  4 10]
1072,309165,24.646188120586302,0.0034723753085882623,0.9131484031677246,837,[12 19 17 25]
1073,361016,24.642629891538693,0.0034749349219309546,0.913077712059021,837,[14 23  7 24]
1074,669925,24.65136591934194,0.0034644585020093973,0.9149603247642517,837,[27 13 16 25]
1075,42439,24.65621865846719,0.0034609180029986663,0.9149830937385559,837,[ 1 21 13 12]
1076,286993,24.66336864641313,0.003453721564612343,0.9160668849945068,837,[11 22  7  9]
1077,140824,24.664333322449068,0.003453996173145555,0.9162856936454773,837,[ 5 22 13  0]
1078,608838,24.669271246186305,0.003448364345977379,0.9165570735931396,837,[24 27 27 12]
1079,497627,24.666501113530384,0.003451781868013188,0.9163678884506226,837,[20 11 20 16]
1080,67475,24.670507826240943,0.0034475278276906575,0.9168299436569214,837,[ 2 22  6 21]
1081,212984,24.661351124617692,0.0034546753597637816,0.9162812232971191,837,[ 8 21  7  8]
1082,563010,24.666943321936657,0.0034490383524146497,0.9165763258934021,837,[23  2 13  4]
1083,93580,24.663611490887078,0.003455414374870625,0.9165558218955994,837,[ 3 24  7 26]
1084,387865,24.661506552774767,0.00345575659756341,0.9164345264434814,837,[15 26  5 19]
1085,591221,24.666362066293953,0.0034515587107238647,0.9165282249450684,837,[24  6 28 27]
1086,633963,24.66931676384036,0.0034487988403879124,0.9166746735572815,837,[25 28 23 23]
1087,387013,24.670114519738327,0.003447485786157996,0.9178768396377563,837,[15 25  5  8]
1088,494453,24.674916120503084,0.00344342205077014,0.9182688593864441,837,[20  7 27  3]
1089,213573,24.6760553916264,0.003442468357231352,0.918111264705658,837,[ 8 21 27 17]
1090,254066,24.677868829438868,0.0034406439441874957,0.9186210036277771,837,[10 12  2 26]
1091,295046,24.67772832052498,0.0034410287836799825,0.9186541438102722,837,[12  2 24  0]
1092,500671,24.67436104626577,0.0034442131051317924,0.918337881565094,837,[20 15  9 15]
1093,402766,24.687640272306975,0.0034308605766502315,0.9209948182106018,837,[16 14 26 14]
1094,3911,24.68748049443989,0.0034328652574719108,0.9208941459655762,837,[ 0  4 18 25]
1095,349494,24.68856430084299,0.0034318312505145494,0.9212949872016907,837,[14  9 16 15]
1096,354603,24.687138299433965,0.003432853265081355,0.9212964177131653,837,[14 15 18 20]
1097,455952,24.68339093866583,0.003436312355093412,0.9211723804473877,837,[18 20  4 14]
1098,359915,24.68825717482289,0.0034325016541635043,0.9213220477104187,837,[14 21 27 25]
1099,176723,24.68847812193827,0.0034318884684416983,0.9211882948875427,837,[ 7  7  3 26]
1100,414573,24.689581436299363,0.0034307671179376674,0.9215686321258545,837,[16 28 27 18]
1101,199017,24.692997161754633,0.0034283041698998313,0.9218535423278809,837,[ 8  4 18 19]
1102,8643,24.693449197119026,0.0034272766203314996,0.9220175743103027,837,[ 0 10  8  1]
1103,22879,24.694410625991114,0.0034265074503517356,0.9218903183937073,837,[ 0 27  5 27]
1104,46313,24.701551684580355,0.003420231615365783,0.9225320219993591,837,[ 1 26  2  0]
1105,664213,24.703425605609937,0.0034183747509142523,0.9223120212554932,837,[27  6 22 26]
1106,103010,24.70414706623668,0.0034178825472714024,0.9223575592041016,837,[ 4  6 14  2]
1107,4893,24.70234683143385,0.0034179317425753874,0.9226362109184265,837,[ 0  5 23 21]
1108,493941,24.7059913420515,0.003417190422367355,0.9231464266777039,837,[20  7  9 13]
1109,90797,24.703311938050696,0.0034192930800003144,0.9229434728622437,837,[ 3 20 27 27]
1110,388548,24.70657937502549,0.003416305537572075,0.9232760667800903,837,[15 27  0  6]
1111,319775,24.702963130204765,0.0034198120880939036,0.9227728247642517,837,[13  3  6 21]
1112,480725,24.702628593332655,0.0034200135756906674,0.9226589798927307,837,[19 20 17 21]
1113,339749,24.703978839502092,0.003419031056900352,0.9229419231414795,837,[13 26 28 14]
1114,159146,24.701891812286455,0.0034210863116353385,0.9226967096328735,837,[ 6 15  6 23]
1115,175174,24.702065548556536,0.0034210269849264843,0.9228416085243225,837,[ 7  5  8 14]
1116,560856,24.70583892001168,0.0034171097859081625,0.9232903718948364,837,[22 28 25 25]
1117,175067,24.708379985036686,0.003415567188504489,0.9233989119529724,837,[ 7  5  4 23]
1118,477061,24.707415203646704,0.0034166552816154564,0.9235005974769592,837,[19 16  7 11]
1119,585348,24.70600673240145,0.0034177367110157326,0.9232837557792664,837,[24  0  0 12]
1120,332322,24.707895713435654,0.003416044832489263,0.92336505651474,837,[13 18  4 11]
1121,138817,24.70881355870196,0.0034150637196932927,0.9235668778419495,837,[ 5 20  1 23]
1122,636970,24.710404639694925,0.0034139075726904123,0.9237105250358582,837,[26  3 11 14]
1123,330257,24.70769632462092,0.003416219815558859,0.923302412033081,837,[13 15 20  5]
1124,689970,24.707107513128562,0.003417005587537888,0.923247754573822,837,[28  8 12  2]
1125,198473,24.712427432073984,0.0034118940708215235,0.9243940114974976,837,[ 8  3 28 26]
1126,83043,24.71121172043455,0.003412816413395083,0.9242575168609619,837,[ 3 11 21 16]
1127,670448,24.710489293773726,0.003414280872453774,0.924120306968689,837,[27 14  5 26]
1128,479079,24.712273697038697,0.003412507589185886,0.9243273735046387,837,[19 18 18 28]
1129,3372,24.711124430006002,0.0034131438596866005,0.9242693781852722,837,[0 4 0 8]
1130,700817,24.71256854834245,0.0034120918318439504,0.9243717789649963,837,[28 21  9  3]
1131,655199,24.711952467957886,0.0034117267326565885,0.9247385859489441,837,[26 25  2  2]
1132,270386,24.71234696933447,0.003410230421134677,0.9245560765266418,837,[11  2 14 19]
1133,458306,24.70866058112896,0.0034136829155679994,0.9245079159736633,837,[18 22 27 19]
1134,181076,24.713515831359384,0.0034090368330129935,0.9256112575531006,837,[ 7 12  9  0]
1135,408132,24.719506361293835,0.003403539397613017,0.9269850254058838,837,[16 21  8 15]
1136,643901,24.717907481785886,0.0034049967791642305,0.9268100261688232,837,[26 11 18 14]
1137,629552,24.717125977232598,0.003405622524312554,0.926785945892334,837,[25 23 16 20]
1138,515968,24.71711542578869,0.0034055828152066694,0.9266718626022339,837,[21  4 15  0]
1139,391648,24.72026634348909,0.0034034437424525377,0.9276360869407654,837,[16  1 20  3]
1140,316895,24.719702279955456,0.0034040442757242335,0.9275861978530884,837,[12 28 23 12]
1141,188712,26.251766371096625,0.0024040814519779644,0.9263185858726501,838,[ 7 21 11  9]
1142,601196,26.251237329676307,0.0024040779101805135,0.9261670112609863,838,[24 18 24 26]
1143,76623,26.256578305233177,0.0024013560667654416,0.9270452857017517,838,[3 4 3 5]
1144,574869,26.268006303156355,0.0023942193856327674,0.9283707737922668,838,[23 16 16  2]
1145,336485,26.272816159677674,0.0023910539971128426,0.9291868805885315,838,[13 23  2 27]
1146,269073,26.290530333844885,0.002378844996445313,0.9304386377334595,838,[11  0 27 11]
1147,357110,26.2935630237409,0.0023771636554336785,0.9307688474655151,838,[14 18 18  4]
1148,632074,26.29340314540693,0.0023774317329532044,0.9307013750076294,838,[25 26 16 19]
1149,532045,26.29535349443794,0.002376751740637108,0.9307022094726562,838,[21 23 18 11]
1150,8407,26.295930330023573,0.002376530100350923,0.930837869644165,838,[ 0  9 28 26]
1151,671660,26.294097293128665,0.0023760965492302774,0.9304028153419495,838,[27 15 18 20]
1152,669497,26.297423288889124,0.0023743753138058257,0.9306699633598328,838,[27 13  2  3]
1153,252287,26.29698680514855,0.0023751231726226603,0.930660605430603,838,[10  9 28 16]
1154,139801,26.30298429758778,0.0023705533442258627,0.931257963180542,838,[ 5 21  6 21]
1155,626355,26.304521525212724,0.0023698664012917875,0.9314930438995361,838,[25 19 22 13]
1156,705390,26.302168276763823,0.00237164111185196,0.9309250116348267,838,[28 26 21 23]
1157,568533,26.30356384106053,0.0023709787226058703,0.9311097264289856,838,[23  9  0 17]
1158,114141,26.30342965255498,0.002370525181666489,0.9309996366500854,838,[ 4 19 20 26]
1159,397381,26.304056531778322,0.002370347647616266,0.9307615160942078,838,[16  8 14 23]
1160,644597,26.3041150275795,0.0023696051222836024,0.9307345151901245,838,[26 12 13 14]
1161,470717,26.30929028177909,0.0023668959381694912,0.9314031004905701,838,[19  8 20 18]
1162,73013,26.30928264651823,0.0023670931298780643,0.9315435290336609,838,[ 2 28 23 20]
1163,225518,26.309726227438446,0.002366615711458944,0.9316012859344482,838,[ 9  7  4 14]
1164,242771,26.30586155463256,0.002368810115492018,0.9312632083892822,838,[ 9 27 19 12]
1165,393346,26.3158499066159,0.0023628063253917416,0.9325581789016724,838,[16  3 20 19]
1166,371476,26.319052978774593,0.00236060844231915,0.9328166842460632,838,[15  6 20 15]
1167,395633,26.31578615747001,0.0023632568107366885,0.932360053062439,838,[16  6 12 15]
1168,510989,26.315149932699686,0.0023632727392996857,0.9323132634162903,838,[20 27 17  9]
1169,169757,26.321354287565846,0.0023602275625347925,0.9330276846885681,838,[ 6 27 24 20]
1170,190601,26.322702877611874,0.0023588026546066073,0.9332217574119568,838,[ 7 23 18 13]
1171,209078,26.32417894097651,0.00235789602390467,0.933271050453186,838,[ 8 16 17 17]
1172,522563,26.32380724330305,0.0023581834382727456,0.9334714412689209,838,[21 12 10 12]
1173,470112,26.330249658389594,0.002354744471952071,0.9339807033538818,838,[19  7 28 22]
1174,59865,26.360590044787475,0.002336993556320323,0.9374248385429382,838,[ 2 13  5  9]
1175,17343,26.36173201081162,0.0023375282013189933,0.9376453757286072,838,[ 0 20 18  1]
1176,407706,26.360899326484226,0.002337776021249456,0.9376357793807983,838,[16 20 22 24]
1177,160353,26.363881154610368,0.002334927857684317,0.9378446936607361,838,[ 6 16 19 12]
1178,172076,26.36271301246538,0.0023355819835999807,0.9379581212997437,838,[ 7  1 17 19]
1179,521399,26.36289863054817,0.002335967885033587,0.9378597736358643,838,[21 10 28  8]
1180,221813,26.36578133201605,0.0023335116394999455,0.937796950340271,838,[ 9  2 21 21]
1181,602412,26.36363565712434,0.002335482360202276,0.9376922845840454,838,[24 20  8 24]
1182,586294,26.364427104282594,0.0023337725662854066,0.9377713799476624,838,[24  1  4  1]
1183,475364,26.36729255943962,0.002330758160904977,0.9378324151039124,838,[19 14  6 25]
1184,122478,26.36918439828776,0.002329870806819189,0.9378767609596252,838,[ 5  0 18 11]
1185,645993,26.37872201614133,0.0023249430606666994,0.9385663866996765,838,[26 14  3 18]
1186,254101,26.373663221760598,0.0023276947586940103,0.9380877017974854,838,[10 12  4  3]
1187,427280,26.374322401071883,0.002327713146406244,0.9383063912391663,838,[17 15  1 23]
1188,517638,26.37556306914959,0.002327123871904138,0.9383695125579834,838,[21  6 14 17]
1189,255908,26.375161806931573,0.002327318163306354,0.9383320212364197,838,[10 14  8 12]
1190,359368,26.375271807451554,0.0023272758382600536,0.9383506774902344,838,[14 21  9  0]
1191,400980,26.373987281760126,0.0023280747087181235,0.9383870959281921,838,[16 12 22 26]
1192,477995,26.373036259609933,0.0023290643700169737,0.9376094937324524,838,[19 17 10 17]
1193,288882,26.37156149491839,0.002329637547685311,0.9376621842384338,838,[11 24 14 13]
1194,211792,26.36988039983605,0.0023305081585090746,0.9375585317611694,838,[ 8 19 24  5]
1195,304478,26.36960076932131,0.0023306149924371125,0.9375467896461487,838,[12 14  1  7]
1196,208876,26.36664413222485,0.0023320217539601813,0.9373919367790222,838,[ 8 16 10 18]
1197,424770,26.369244804479127,0.0023305540910189366,0.9375399947166443,838,[17 12  2  7]
1198,463726,26.37358547850865,0.002329035134131925,0.9383801221847534,838,[19  0 11 16]
1199,241835,26.381457429543108,0.0023246887158174406,0.9404716491699219,838,[ 9 26 16  4]
1200,419780,26.381724184429842,0.002324632747629187,0.9403910636901855,838,[17  6  4  5]
1201,429651,26.382072274328273,0.0023246582593390817,0.9405315518379211,838,[17 17 25 16]
1202,148123,26.38303355837293,0.0023240588802650604,0.9406722784042358,838,[ 6  2  3 20]
1203,260752,26.38562675067945,0.0023226149535652083,0.9407015442848206,838,[10 20  1 13]
1204,125738,26.386110528813305,0.002322321754987262,0.9407236576080322,838,[ 5  4 14 23]
1205,309081,26.385395661605102,0.002321822318537215,0.9404711127281189,838,[12 19 14 28]
1206,686887,26.39433912197543,0.0023156561189011104,0.9413552284240723,838,[28  4 21 22]
1207,498856,26.403915006287917,0.0023107228400119028,0.9415278434753418,838,[20 13  4 27]
1208,64088,26.40414955484487,0.0023106512886354185,0.9414802193641663,838,[ 2 18  5 27]
1209,547159,26.40398947644501,0.0023105188245301435,0.941510796546936,838,[22 12 17 16]
1210,175899,26.40297166774724,0.002311171672226985,0.9415415525436401,838,[ 7  6  4 14]
1211,365671,26.402947646422152,0.0023111325317426152,0.9416266083717346,838,[14 28 23 10]
1212,476638,26.402577805410775,0.0023111757781263727,0.9416075348854065,838,[19 15 21 23]
1213,315944,26.40629087618056,0.002308865266395724,0.9424625635147095,838,[12 27 19 18]
1214,287053,26.406867236377106,0.0023087104339690055,0.9427738785743713,838,[11 22  9 11]
1215,507160,26.406868847695964,0.0023086711753510024,0.9427762031555176,838,[20 23  1  8]
1216,178440,26.407139292021725,0.0023086212709028902,0.9428845643997192,838,[7 9 5 3]
1217,688105,26.407914523591025,0.0023072567211683244,0.9431684017181396,838,[28  6  5 22]
1218,71017,26.408053874155215,0.0023070503588105144,0.9431868195533752,839,[ 2 26 12 25]
1219,88479,26.408748445607266,0.0023066756220170366,0.9436872005462646,839,[ 3 18  6  0]
1220,632819,26.40808594597917,0.002307156752195877,0.943602979183197,839,[25 27 13 10]
1221,226782,26.407522736751243,0.0023074852795581615,0.9436840415000916,839,[ 9  8 19  2]
1222,633082,26.409280246013008,0.0023059568519710346,0.9441568851470947,839,[25 27 22 12]
1223,185252,26.412929094628286,0.002303879532073443,0.9447094202041626,839,[ 7 17  8  0]
1224,177861,26.412923563621963,0.0023038380894088144,0.9445652961730957,839,[ 7  8 14  4]
1225,432518,26.41283755353878,0.002303968349546164,0.9444084167480469,839,[17 21  8 12]
1226,270308,26.41521115000735,0.002302674811740648,0.9447718858718872,839,[11  2 11 28]
1227,373806,26.415113453594632,0.002302710511288521,0.9447521567344666,839,[15  9 13 25]
1228,646348,26.415351467812798,0.002302593361586372,0.9449018836021423,839,[26 14 15 25]
1229,283497,26.41598688649828,0.0023018414225514407,0.9452402591705322,839,[11 18  2 22]
1230,673739,26.417036914710597,0.002301244881637702,0.9452722072601318,839,[27 18  3 11]
1231,256585,26.42253414028097,0.0022980954759603996,0.9453654289245605,839,[10 15  2 22]
1232,414218,26.422812745820817,0.0022979257995306836,0.9453426003456116,839,[16 28 15 11]
1233,406964,26.42763532707997,0.0022951112460681657,0.9451021552085876,839,[16 19 26  7]
1234,511063,26.427829623983342,0.0022950426672778985,0.9455046057701111,839,[20 27 19 25]
1235,108414,26.42741273219624,0.0022952658607531744,0.9452343583106995,839,[ 4 12 26 12]
1236,83053,26.427010525881155,0.0022953792736274633,0.9452805519104004,839,[ 3 11 21 26]
1237,687929,26.42833518092544,0.002294667175986433,0.9453597068786621,839,[28  5 28 20]
1238,654897,26.428782430763764,0.0022948067084917465,0.9454348087310791,839,[26 24 20 19]
1239,322464,26.429195740038875,0.0022944618130430225,0.9455766081809998,839,[13  6 12 13]
1240,357307,26.427517969134627,0.002295473551786305,0.9453490972518921,839,[14 18 24 27]
1241,94083,26.434434768841733,0.0022919541064089196,0.9464226365089417,839,[ 3 24 25  7]
1242,8937,26.436793584869672,0.0022901321695606132,0.946729302406311,839,[ 0 10 18  5]
1243,350472,26.440666578509916,0.002287912951065602,0.9469885230064392,839,[14 10 21  7]
1244,145963,26.44095143234456,0.0022877706924252367,0.9469889402389526,839,[ 5 28 16  6]
1245,571284,26.442763248466548,0.0022863768532686134,0.9477456212043762,839,[23 12  8 13]
1246,575225,26.442684680146193,0.0022864365631209186,0.9478192329406738,839,[23 16 28 10]
1247,79159,26.443705259800474,0.002285894188925208,0.9478151202201843,839,[ 3  7  3 18]
1248,571377,26.443865212364216,0.002285819748274565,0.947845995426178,839,[23 12 11 19]
1249,412780,26.443851722082293,0.002285744951196813,0.9478363394737244,839,[16 26 23 23]
1250,96212,26.447882725440394,0.0022837073006786086,0.9488766193389893,839,[ 3 27 11 19]
1251,576775,26.45122853779401,0.002282007848064304,0.9487794041633606,839,[23 18 23 23]
1252,501227,26.453490438582634,0.0022807228598654625,0.9491754174232483,839,[20 15 28 20]
1253,327418,26.451482074454525,0.002281837697819234,0.9495553374290466,839,[13 12  9  8]
1254,675540,26.452310182260774,0.002281426519600683,0.9495781064033508,839,[27 20  7 14]
1255,119161,26.451180213086527,0.002281934753611446,0.9492617249488831,839,[ 4 25 20  0]
1256,611050,26.451330441533027,0.002281833993393652,0.9492424130439758,839,[25  1 16 20]
1257,9039,26.45552324788341,0.0022788905711291487,0.9500963091850281,839,[ 0 10 21 20]
1258,18510,26.45795036869055,0.0022771905054349735,0.9506401419639587,839,[ 0 22  0  8]
1259,92656,26.45898427841744,0.0022765447655709536,0.9506950974464417,839,[ 3 23  5  1]
1260,507494,26.46135397595089,0.0022763911953977297,0.951368510723114,839,[20 23 12 23]
1261,54370,26.46073328571163,0.002276757436175657,0.9513493180274963,839,[ 2  6 18 24]
